 -2.0000000e+000 -2.0000000e+000 -1.1115000e-002
 -2.0000000e+000 -1.8000000e+000  2.4466000e-001
 -2.0000000e+000 -1.6000000e+000  5.2943000e-001
 -2.0000000e+000 -1.4000000e+000  8.1408000e-001
 -2.0000000e+000 -1.2000000e+000  1.0605000e+000
 -2.0000000e+000 -1.0000000e+000  1.2355000e+000
 -2.0000000e+000 -8.0000000e-001  1.3095000e+000
 -2.0000000e+000 -6.0000000e-001  1.2610000e+000
 -2.0000000e+000 -4.0000000e-001  1.1014000e+000
 -2.0000000e+000 -2.0000000e-001  8.9139000e-001
 -2.0000000e+000  0.0000000e+000  7.0374000e-001
 -2.0000000e+000  2.0000000e-001  5.7032000e-001
 -2.0000000e+000  4.0000000e-001  4.8014000e-001
 -2.0000000e+000  6.0000000e-001  4.0736000e-001
 -2.0000000e+000  8.0000000e-001  3.2738000e-001
 -2.0000000e+000  1.0000000e+000  2.1881000e-001
 -2.0000000e+000  1.2000000e+000  6.2806000e-002
 -2.0000000e+000  1.4000000e+000 -1.5191000e-001
 -2.0000000e+000  1.6000000e+000 -4.1599000e-001
 -2.0000000e+000  1.8000000e+000 -6.8842000e-001
 -2.0000000e+000  2.0000000e+000 -9.0724000e-001
 -1.8000000e+000 -2.0000000e+000  1.1086000e-002
 -1.8000000e+000 -1.8000000e+000  2.6713000e-001
 -1.8000000e+000 -1.6000000e+000  5.5051000e-001
 -1.8000000e+000 -1.4000000e+000  8.3592000e-001
 -1.8000000e+000 -1.2000000e+000  1.0842000e+000
 -1.8000000e+000 -1.0000000e+000  1.2582000e+000
 -1.8000000e+000 -8.0000000e-001  1.3276000e+000
 -1.8000000e+000 -6.0000000e-001  1.2726000e+000
 -1.8000000e+000 -4.0000000e-001  1.1060000e+000
 -1.8000000e+000 -2.0000000e-001  8.8900000e-001
 -1.8000000e+000  0.0000000e+000  6.9505000e-001
 -1.8000000e+000  2.0000000e-001  5.5622000e-001
 -1.8000000e+000  4.0000000e-001  4.6146000e-001
 -1.8000000e+000  6.0000000e-001  3.8450000e-001
 -1.8000000e+000  8.0000000e-001  3.0002000e-001
 -1.8000000e+000  1.0000000e+000  1.8598000e-001
 -1.8000000e+000  1.2000000e+000  2.4482000e-002
 -1.8000000e+000  1.4000000e+000 -1.9067000e-001
 -1.8000000e+000  1.6000000e+000 -4.4018000e-001
 -1.8000000e+000  1.8000000e+000 -6.7419000e-001
 -1.8000000e+000  2.0000000e+000 -8.3271000e-001
 -1.6000000e+000 -2.0000000e+000  3.4086000e-002
 -1.6000000e+000 -1.8000000e+000  2.9062000e-001
 -1.6000000e+000 -1.6000000e+000  5.7105000e-001
 -1.6000000e+000 -1.4000000e+000  8.5411000e-001
 -1.6000000e+000 -1.2000000e+000  1.1026000e+000
 -1.6000000e+000 -1.0000000e+000  1.2757000e+000
 -1.6000000e+000 -8.0000000e-001  1.3413000e+000
 -1.6000000e+000 -6.0000000e-001  1.2805000e+000
 -1.6000000e+000 -4.0000000e-001  1.1074000e+000
 -1.6000000e+000 -2.0000000e-001  8.8432000e-001
 -1.6000000e+000  0.0000000e+000  6.8522000e-001
 -1.6000000e+000  2.0000000e-001  5.4252000e-001
 -1.6000000e+000  4.0000000e-001  4.4520000e-001
 -1.6000000e+000  6.0000000e-001  3.6659000e-001
 -1.6000000e+000  8.0000000e-001  2.8061000e-001
 -1.6000000e+000  1.0000000e+000  1.6485000e-001
 -1.6000000e+000  1.2000000e+000  3.3091000e-003
 -1.6000000e+000  1.4000000e+000 -2.0379000e-001
 -1.6000000e+000  1.6000000e+000 -4.2739000e-001
 -1.6000000e+000  1.8000000e+000 -6.1287000e-001
 -1.6000000e+000  2.0000000e+000 -7.0840000e-001
 -1.4000000e+000 -2.0000000e+000  5.7435000e-002
 -1.4000000e+000 -1.8000000e+000  3.1482000e-001
 -1.4000000e+000 -1.6000000e+000  5.9156000e-001
 -1.4000000e+000 -1.4000000e+000  8.6950000e-001
 -1.4000000e+000 -1.2000000e+000  1.1156000e+000
 -1.4000000e+000 -1.0000000e+000  1.2878000e+000
 -1.4000000e+000 -8.0000000e-001  1.3504000e+000
 -1.4000000e+000 -6.0000000e-001  1.2848000e+000
 -1.4000000e+000 -4.0000000e-001  1.1064000e+000
 -1.4000000e+000 -2.0000000e-001  8.7853000e-001
 -1.4000000e+000  0.0000000e+000  6.7601000e-001
 -1.4000000e+000  2.0000000e-001  5.3174000e-001
 -1.4000000e+000  4.0000000e-001  4.3477000e-001
 -1.4000000e+000  6.0000000e-001  3.5797000e-001
 -1.4000000e+000  8.0000000e-001  2.7448000e-001
 -1.4000000e+000  1.0000000e+000  1.6181000e-001
 -1.4000000e+000  1.2000000e+000  6.6841000e-003
 -1.4000000e+000  1.4000000e+000 -1.8353000e-001
 -1.4000000e+000  1.6000000e+000 -3.7189000e-001
 -1.4000000e+000  1.8000000e+000 -5.0450000e-001
 -1.4000000e+000  2.0000000e+000 -5.4288000e-001
 -1.2000000e+000 -2.0000000e+000  8.0869000e-002
 -1.2000000e+000 -1.8000000e+000  3.3944000e-001
 -1.2000000e+000 -1.6000000e+000  6.1235000e-001
 -1.2000000e+000 -1.4000000e+000  8.8321000e-001
 -1.2000000e+000 -1.2000000e+000  1.1242000e+000
 -1.2000000e+000 -1.0000000e+000  1.2946000e+000
 -1.2000000e+000 -8.0000000e-001  1.3554000e+000
 -1.2000000e+000 -6.0000000e-001  1.2864000e+000
 -1.2000000e+000 -4.0000000e-001  1.1042000e+000
 -1.2000000e+000 -2.0000000e-001  8.7361000e-001
 -1.2000000e+000  0.0000000e+000  6.7022000e-001
 -1.2000000e+000  2.0000000e-001  5.2764000e-001
 -1.2000000e+000  4.0000000e-001  4.3497000e-001
 -1.2000000e+000  6.0000000e-001  3.6444000e-001
 -1.2000000e+000  8.0000000e-001  2.8828000e-001
 -1.2000000e+000  1.0000000e+000  1.8406000e-001
 -1.2000000e+000  1.2000000e+000  4.1746000e-002
 -1.2000000e+000  1.4000000e+000 -1.2450000e-001
 -1.2000000e+000  1.6000000e+000 -2.7323000e-001
 -1.2000000e+000  1.8000000e+000 -3.5670000e-001
 -1.2000000e+000  2.0000000e+000 -3.5196000e-001
 -1.0000000e+000 -2.0000000e+000  1.0452000e-001
 -1.0000000e+000 -1.8000000e+000  3.6453000e-001
 -1.0000000e+000 -1.6000000e+000  6.3381000e-001
 -1.0000000e+000 -1.4000000e+000  8.9664000e-001
 -1.0000000e+000 -1.2000000e+000  1.1300000e+000
 -1.0000000e+000 -1.0000000e+000  1.2972000e+000
 -1.0000000e+000 -8.0000000e-001  1.3572000e+000
 -1.0000000e+000 -6.0000000e-001  1.2869000e+000
 -1.0000000e+000 -4.0000000e-001  1.1035000e+000
 -1.0000000e+000 -2.0000000e-001  8.7294000e-001
 -1.0000000e+000  0.0000000e+000  6.7231000e-001
 -1.0000000e+000  2.0000000e-001  5.3585000e-001
 -1.0000000e+000  4.0000000e-001  4.5251000e-001
 -1.0000000e+000  6.0000000e-001  3.9355000e-001
 -1.0000000e+000  8.0000000e-001  3.2983000e-001
 -1.0000000e+000  1.0000000e+000  2.3883000e-001
 -1.0000000e+000  1.2000000e+000  1.1372000e-001
 -1.0000000e+000  1.4000000e+000 -2.5830000e-002
 -1.0000000e+000  1.6000000e+000 -1.3765000e-001
 -1.0000000e+000  1.8000000e+000 -1.8356000e-001
 -1.0000000e+000  2.0000000e+000 -1.5440000e-001
 -8.0000000e-001 -2.0000000e+000  1.2936000e-001
 -8.0000000e-001 -1.8000000e+000  3.9102000e-001
 -8.0000000e-001 -1.6000000e+000  6.5713000e-001
 -8.0000000e-001 -1.4000000e+000  9.1192000e-001
 -8.0000000e-001 -1.2000000e+000  1.1360000e+000
 -8.0000000e-001 -1.0000000e+000  1.2985000e+000
 -8.0000000e-001 -8.0000000e-001  1.3585000e+000
 -8.0000000e-001 -6.0000000e-001  1.2898000e+000
 -8.0000000e-001 -4.0000000e-001  1.1086000e+000
 -8.0000000e-001 -2.0000000e-001  8.8238000e-001
 -8.0000000e-001  0.0000000e+000  6.8950000e-001
 -8.0000000e-001  2.0000000e-001  5.6485000e-001
 -8.0000000e-001  4.0000000e-001  4.9683000e-001
 -8.0000000e-001  6.0000000e-001  4.5494000e-001
 -8.0000000e-001  8.0000000e-001  4.0784000e-001
 -8.0000000e-001  1.0000000e+000  3.3239000e-001
 -8.0000000e-001  1.2000000e+000  2.2468000e-001
 -8.0000000e-001  1.4000000e+000  1.0842000e-001
 -8.0000000e-001  1.6000000e+000  2.3943000e-002
 -8.0000000e-001  1.8000000e+000 -2.8933000e-004
 -8.0000000e-001  2.0000000e+000  3.5552000e-002
 -6.0000000e-001 -2.0000000e+000  1.5831000e-001
 -6.0000000e-001 -1.8000000e+000  4.2196000e-001
 -6.0000000e-001 -1.6000000e+000  6.8566000e-001
 -6.0000000e-001 -1.4000000e+000  9.3332000e-001
 -6.0000000e-001 -1.2000000e+000  1.1479000e+000
 -6.0000000e-001 -1.0000000e+000  1.3046000e+000
 -6.0000000e-001 -8.0000000e-001  1.3659000e+000
 -6.0000000e-001 -6.0000000e-001  1.3024000e+000
 -6.0000000e-001 -4.0000000e-001  1.1285000e+000
 -6.0000000e-001 -2.0000000e-001  9.1243000e-001
 -6.0000000e-001  0.0000000e+000  7.3392000e-001
 -6.0000000e-001  2.0000000e-001  6.2802000e-001
 -6.0000000e-001  4.0000000e-001  5.8171000e-001
 -6.0000000e-001  6.0000000e-001  5.6140000e-001
 -6.0000000e-001  8.0000000e-001  5.3234000e-001
 -6.0000000e-001  1.0000000e+000  4.7037000e-001
 -6.0000000e-001  1.2000000e+000  3.7474000e-001
 -6.0000000e-001  1.4000000e+000  2.7295000e-001
 -6.0000000e-001  1.6000000e+000  2.0300000e-001
 -6.0000000e-001  1.8000000e+000  1.8585000e-001
 -6.0000000e-001  2.0000000e+000  2.1653000e-001
 -4.0000000e-001 -2.0000000e+000  1.9863000e-001
 -4.0000000e-001 -1.8000000e+000  4.6510000e-001
 -4.0000000e-001 -1.6000000e+000  7.2773000e-001
 -4.0000000e-001 -1.4000000e+000  9.7023000e-001
 -4.0000000e-001 -1.2000000e+000  1.1771000e+000
 -4.0000000e-001 -1.0000000e+000  1.3286000e+000
 -4.0000000e-001 -8.0000000e-001  1.3927000e+000
 -4.0000000e-001 -6.0000000e-001  1.3395000e+000
 -4.0000000e-001 -4.0000000e-001  1.1799000e+000
 -4.0000000e-001 -2.0000000e-001  9.8202000e-001
 -4.0000000e-001  0.0000000e+000  8.2614000e-001
 -4.0000000e-001  2.0000000e-001  7.4669000e-001
 -4.0000000e-001  4.0000000e-001  7.2763000e-001
 -4.0000000e-001  6.0000000e-001  7.3051000e-001
 -4.0000000e-001  8.0000000e-001  7.1618000e-001
 -4.0000000e-001  1.0000000e+000  6.6020000e-001
 -4.0000000e-001  1.2000000e+000  5.6696000e-001
 -4.0000000e-001  1.4000000e+000  4.6888000e-001
 -4.0000000e-001  1.6000000e+000  4.0249000e-001
 -4.0000000e-001  1.8000000e+000  3.8348000e-001
 -4.0000000e-001  2.0000000e+000  4.0474000e-001
 -2.0000000e-001 -2.0000000e+000  2.6597000e-001
 -2.0000000e-001 -1.8000000e+000  5.3702000e-001
 -2.0000000e-001 -1.6000000e+000  8.0097000e-001
 -2.0000000e-001 -1.4000000e+000  1.0416000e+000
 -2.0000000e-001 -1.2000000e+000  1.2445000e+000
 -2.0000000e-001 -1.0000000e+000  1.3937000e+000
 -2.0000000e-001 -8.0000000e-001  1.4641000e+000
 -2.0000000e-001 -6.0000000e-001  1.4273000e+000
 -2.0000000e-001 -4.0000000e-001  1.2909000e+000
 -2.0000000e-001 -2.0000000e-001  1.1208000e+000
 -2.0000000e-001  0.0000000e+000  9.9639000e-001
 -2.0000000e-001  2.0000000e-001  9.4980000e-001
 -2.0000000e-001  4.0000000e-001  9.5985000e-001
 -2.0000000e-001  6.0000000e-001  9.8163000e-001
 -2.0000000e-001  8.0000000e-001  9.7198000e-001
 -2.0000000e-001  1.0000000e+000  9.0934000e-001
 -2.0000000e-001  1.2000000e+000  8.0680000e-001
 -2.0000000e-001  1.4000000e+000  7.0309000e-001
 -2.0000000e-001  1.6000000e+000  6.3330000e-001
 -2.0000000e-001  1.8000000e+000  6.0867000e-001
 -2.0000000e-001  2.0000000e+000  6.2049000e-001
  0.0000000e+000 -2.0000000e+000  3.8514000e-001
  0.0000000e+000 -1.8000000e+000  6.6296000e-001
  0.0000000e+000 -1.6000000e+000  9.3096000e-001
  0.0000000e+000 -1.4000000e+000  1.1734000e+000
  0.0000000e+000 -1.2000000e+000  1.3769000e+000
  0.0000000e+000 -1.0000000e+000  1.5283000e+000
  0.0000000e+000 -8.0000000e-001  1.6085000e+000
  0.0000000e+000 -6.0000000e-001  1.5937000e+000
  0.0000000e+000 -4.0000000e-001  1.4884000e+000
  0.0000000e+000 -2.0000000e-001  1.3537000e+000
  0.0000000e+000  0.0000000e+000  1.2658000e+000
  0.0000000e+000  2.0000000e-001  1.2518000e+000
  0.0000000e+000  4.0000000e-001  1.2835000e+000
  0.0000000e+000  6.0000000e-001  1.3094000e+000
  0.0000000e+000  8.0000000e-001  1.2856000e+000
  0.0000000e+000  1.0000000e+000  1.1988000e+000
  0.0000000e+000  1.2000000e+000  1.0743000e+000
  0.0000000e+000  1.4000000e+000  9.5653000e-001
  0.0000000e+000  1.6000000e+000  8.7763000e-001
  0.0000000e+000  1.8000000e+000  8.4381000e-001
  0.0000000e+000  2.0000000e+000  8.4451000e-001
  2.0000000e-001 -2.0000000e+000  5.6829000e-001
  2.0000000e-001 -1.8000000e+000  8.5223000e-001
  2.0000000e-001 -1.6000000e+000  1.1240000e+000
  2.0000000e-001 -1.4000000e+000  1.3688000e+000
  2.0000000e-001 -1.2000000e+000  1.5744000e+000
  2.0000000e-001 -1.0000000e+000  1.7298000e+000
  2.0000000e-001 -8.0000000e-001  1.8206000e+000
  2.0000000e-001 -6.0000000e-001  1.8285000e+000
  2.0000000e-001 -4.0000000e-001  1.7563000e+000
  2.0000000e-001 -2.0000000e-001  1.6578000e+000
  2.0000000e-001  0.0000000e+000  1.6020000e+000
  2.0000000e-001  2.0000000e-001  1.6086000e+000
  2.0000000e-001  4.0000000e-001  1.6420000e+000
  2.0000000e-001  6.0000000e-001  1.6470000e+000
  2.0000000e-001  8.0000000e-001  1.5851000e+000
  2.0000000e-001  1.0000000e+000  1.4568000e+000
  2.0000000e-001  1.2000000e+000  1.3006000e+000
  2.0000000e-001  1.4000000e+000  1.1636000e+000
  2.0000000e-001  1.6000000e+000  1.0721000e+000
  2.0000000e-001  1.8000000e+000  1.0267000e+000
  2.0000000e-001  2.0000000e+000  1.0148000e+000
  4.0000000e-001 -2.0000000e+000  7.7435000e-001
  4.0000000e-001 -1.8000000e+000  1.0596000e+000
  4.0000000e-001 -1.6000000e+000  1.3311000e+000
  4.0000000e-001 -1.4000000e+000  1.5757000e+000
  4.0000000e-001 -1.2000000e+000  1.7826000e+000
  4.0000000e-001 -1.0000000e+000  1.9426000e+000
  4.0000000e-001 -8.0000000e-001  2.0439000e+000
  4.0000000e-001 -6.0000000e-001  2.0731000e+000
  4.0000000e-001 -4.0000000e-001  2.0322000e+000
  4.0000000e-001 -2.0000000e-001  1.9653000e+000
  4.0000000e-001  0.0000000e+000  1.9306000e+000
  4.0000000e-001  2.0000000e-001  1.9392000e+000
  4.0000000e-001  4.0000000e-001  1.9502000e+000
  4.0000000e-001  6.0000000e-001  1.9107000e+000
  4.0000000e-001  8.0000000e-001  1.7942000e+000
  4.0000000e-001  1.0000000e+000  1.6183000e+000
  4.0000000e-001  1.2000000e+000  1.4314000e+000
  4.0000000e-001  1.4000000e+000  1.2786000e+000
  4.0000000e-001  1.6000000e+000  1.1780000e+000
  4.0000000e-001  1.8000000e+000  1.1242000e+000
  4.0000000e-001  2.0000000e+000  1.1031000e+000
  6.0000000e-001 -2.0000000e+000  9.3966000e-001
  6.0000000e-001 -1.8000000e+000  1.2244000e+000
  6.0000000e-001 -1.6000000e+000  1.4956000e+000
  6.0000000e-001 -1.4000000e+000  1.7417000e+000
  6.0000000e-001 -1.2000000e+000  1.9542000e+000
  6.0000000e-001 -1.0000000e+000  2.1246000e+000
  6.0000000e-001 -8.0000000e-001  2.2419000e+000
  6.0000000e-001 -6.0000000e-001  2.2940000e+000
  6.0000000e-001 -4.0000000e-001  2.2821000e+000
  6.0000000e-001 -2.0000000e-001  2.2402000e+000
  6.0000000e-001  0.0000000e+000  2.2131000e+000
  6.0000000e-001  2.0000000e-001  2.2044000e+000
  6.0000000e-001  4.0000000e-001  2.1730000e+000
  6.0000000e-001  6.0000000e-001  2.0748000e+000
  6.0000000e-001  8.0000000e-001  1.9000000e+000
  6.0000000e-001  1.0000000e+000  1.6821000e+000
  6.0000000e-001  1.2000000e+000  1.4743000e+000
  6.0000000e-001  1.4000000e+000  1.3146000e+000
  6.0000000e-001  1.6000000e+000  1.2118000e+000
  6.0000000e-001  1.8000000e+000  1.1555000e+000
  6.0000000e-001  2.0000000e+000  1.1305000e+000
  8.0000000e-001 -2.0000000e+000  1.0522000e+000
  8.0000000e-001 -1.8000000e+000  1.3404000e+000
  8.0000000e-001 -1.6000000e+000  1.6169000e+000
  8.0000000e-001 -1.4000000e+000  1.8722000e+000
  8.0000000e-001 -1.2000000e+000  2.0992000e+000
  8.0000000e-001 -1.0000000e+000  2.2893000e+000
  8.0000000e-001 -8.0000000e-001  2.4297000e+000
  8.0000000e-001 -6.0000000e-001  2.5057000e+000
  8.0000000e-001 -4.0000000e-001  2.5159000e+000
  8.0000000e-001 -2.0000000e-001  2.4858000e+000
  8.0000000e-001  0.0000000e+000  2.4489000e+000
  8.0000000e-001  2.0000000e-001  2.4042000e+000
  8.0000000e-001  4.0000000e-001  2.3160000e+000
  8.0000000e-001  6.0000000e-001  2.1540000e+000
  8.0000000e-001  8.0000000e-001  1.9262000e+000
  8.0000000e-001  1.0000000e+000  1.6780000e+000
  8.0000000e-001  1.2000000e+000  1.4609000e+000
  8.0000000e-001  1.4000000e+000  1.3029000e+000
  8.0000000e-001  1.6000000e+000  1.2038000e+000
  8.0000000e-001  1.8000000e+000  1.1495000e+000
  8.0000000e-001  2.0000000e+000  1.1242000e+000
  1.0000000e+000 -2.0000000e+000  1.1381000e+000
  1.0000000e+000 -1.8000000e+000  1.4361000e+000
  1.0000000e+000 -1.6000000e+000  1.7255000e+000
  1.0000000e+000 -1.4000000e+000  1.9987000e+000
  1.0000000e+000 -1.2000000e+000  2.2490000e+000
  1.0000000e+000 -1.0000000e+000  2.4661000e+000
  1.0000000e+000 -8.0000000e-001  2.6322000e+000
  1.0000000e+000 -6.0000000e-001  2.7265000e+000
  1.0000000e+000 -4.0000000e-001  2.7437000e+000
  1.0000000e+000 -2.0000000e-001  2.7055000e+000
  1.0000000e+000  0.0000000e+000  2.6393000e+000
  1.0000000e+000  2.0000000e-001  2.5434000e+000
  1.0000000e+000  4.0000000e-001  2.3910000e+000
  1.0000000e+000  6.0000000e-001  2.1679000e+000
  1.0000000e+000  8.0000000e-001  1.8978000e+000
  1.0000000e+000  1.0000000e+000  1.6322000e+000
  1.0000000e+000  1.2000000e+000  1.4162000e+000
  1.0000000e+000  1.4000000e+000  1.2661000e+000
  1.0000000e+000  1.6000000e+000  1.1745000e+000
  1.0000000e+000  1.8000000e+000  1.1247000e+000
  1.0000000e+000  2.0000000e+000  1.1012000e+000
  1.2000000e+000 -2.0000000e+000  1.2237000e+000
  1.2000000e+000 -1.8000000e+000  1.5380000e+000
  1.2000000e+000 -1.6000000e+000  1.8479000e+000
  1.2000000e+000 -1.4000000e+000  2.1465000e+000
  1.2000000e+000 -1.2000000e+000  2.4257000e+000
  1.2000000e+000 -1.0000000e+000  2.6712000e+000
  1.2000000e+000 -8.0000000e-001  2.8579000e+000
  1.2000000e+000 -6.0000000e-001  2.9574000e+000
  1.2000000e+000 -4.0000000e-001  2.9609000e+000
  1.2000000e+000 -2.0000000e-001  2.8923000e+000
  1.2000000e+000  0.0000000e+000  2.7800000e+000
  1.2000000e+000  2.0000000e-001  2.6242000e+000
  1.2000000e+000  4.0000000e-001  2.4080000e+000
  1.2000000e+000  6.0000000e-001  2.1322000e+000
  1.2000000e+000  8.0000000e-001  1.8330000e+000
  1.2000000e+000  1.0000000e+000  1.5624000e+000
  1.2000000e+000  1.2000000e+000  1.3553000e+000
  1.2000000e+000  1.4000000e+000  1.2172000e+000
  1.2000000e+000  1.6000000e+000  1.1350000e+000
  1.2000000e+000  1.8000000e+000  1.0908000e+000
  1.2000000e+000  2.0000000e+000  1.0702000e+000
  1.4000000e+000 -2.0000000e+000  1.3264000e+000
  1.4000000e+000 -1.8000000e+000  1.6638000e+000
  1.4000000e+000 -1.6000000e+000  2.0007000e+000
  1.4000000e+000 -1.4000000e+000  2.3292000e+000
  1.4000000e+000 -1.2000000e+000  2.6376000e+000
  1.4000000e+000 -1.0000000e+000  2.9052000e+000
  1.4000000e+000 -8.0000000e-001  3.0994000e+000
  1.4000000e+000 -6.0000000e-001  3.1857000e+000
  1.4000000e+000 -4.0000000e-001  3.1547000e+000
  1.4000000e+000 -2.0000000e-001  3.0370000e+000
  1.4000000e+000  0.0000000e+000  2.8675000e+000
  1.4000000e+000  2.0000000e-001  2.6503000e+000
  1.4000000e+000  4.0000000e-001  2.3764000e+000
  1.4000000e+000  6.0000000e-001  2.0601000e+000
  1.4000000e+000  8.0000000e-001  1.7455000e+000
  1.4000000e+000  1.0000000e+000  1.4801000e+000
  1.4000000e+000  1.2000000e+000  1.2873000e+000
  1.4000000e+000  1.4000000e+000  1.1633000e+000
  1.4000000e+000  1.6000000e+000  1.0910000e+000
  1.4000000e+000  1.8000000e+000  1.0529000e+000
  1.4000000e+000  2.0000000e+000  1.0354000e+000
  1.6000000e+000 -2.0000000e+000  1.4582000e+000
  1.6000000e+000 -1.8000000e+000  1.8245000e+000
  1.6000000e+000 -1.6000000e+000  2.1922000e+000
  1.6000000e+000 -1.4000000e+000  2.5499000e+000
  1.6000000e+000 -1.2000000e+000  2.8804000e+000
  1.6000000e+000 -1.0000000e+000  3.1562000e+000
  1.6000000e+000 -8.0000000e-001  3.3395000e+000
  1.6000000e+000 -6.0000000e-001  3.3940000e+000
  1.6000000e+000 -4.0000000e-001  3.3130000e+000
  1.6000000e+000 -2.0000000e-001  3.1345000e+000
  1.6000000e+000  0.0000000e+000  2.9031000e+000
  1.6000000e+000  2.0000000e-001  2.6276000e+000
  1.6000000e+000  4.0000000e-001  2.3062000e+000
  1.6000000e+000  6.0000000e-001  1.9629000e+000
  1.6000000e+000  8.0000000e-001  1.6452000e+000
  1.6000000e+000  1.0000000e+000  1.3930000e+000
  1.6000000e+000  1.2000000e+000  1.2177000e+000
  1.6000000e+000  1.4000000e+000  1.1083000e+000
  1.6000000e+000  1.6000000e+000  1.0460000e+000
  1.6000000e+000  1.8000000e+000  1.0137000e+000
  1.6000000e+000  2.0000000e+000  9.9930000e-001
  1.8000000e+000 -2.0000000e+000  1.6274000e+000
  1.8000000e+000 -1.8000000e+000  2.0258000e+000
  1.8000000e+000 -1.6000000e+000  2.4230000e+000
  1.8000000e+000 -1.4000000e+000  2.8021000e+000
  1.8000000e+000 -1.2000000e+000  3.1401000e+000
  1.8000000e+000 -1.0000000e+000  3.4055000e+000
  1.8000000e+000 -8.0000000e-001  3.5596000e+000
  1.8000000e+000 -6.0000000e-001  3.5685000e+000
  1.8000000e+000 -4.0000000e-001  3.4290000e+000
  1.8000000e+000 -2.0000000e-001  3.1856000e+000
  1.8000000e+000  0.0000000e+000  2.8919000e+000
  1.8000000e+000  2.0000000e-001  2.5642000e+000
  1.8000000e+000  4.0000000e-001  2.2067000e+000
  1.8000000e+000  6.0000000e-001  1.8499000e+000
  1.8000000e+000  8.0000000e-001  1.5398000e+000
  1.8000000e+000  1.0000000e+000  1.3060000e+000
  1.8000000e+000  1.2000000e+000  1.1496000e+000
  1.8000000e+000  1.4000000e+000  1.0547000e+000
  1.8000000e+000  1.6000000e+000  1.0016000e+000
  1.8000000e+000  1.8000000e+000  9.7470000e-001
  1.8000000e+000  2.0000000e+000  9.6318000e-001
  2.0000000e+000 -2.0000000e+000  1.8382000e+000
  2.0000000e+000 -1.8000000e+000  2.2668000e+000
  2.0000000e+000 -1.6000000e+000  2.6851000e+000
  2.0000000e+000 -1.4000000e+000  3.0707000e+000
  2.0000000e+000 -1.2000000e+000  3.3975000e+000
  2.0000000e+000 -1.0000000e+000  3.6342000e+000
  2.0000000e+000 -8.0000000e-001  3.7457000e+000
  2.0000000e+000 -6.0000000e-001  3.7018000e+000
  2.0000000e+000 -4.0000000e-001  3.5024000e+000
  2.0000000e+000 -2.0000000e-001  3.1953000e+000
  2.0000000e+000  0.0000000e+000  2.8417000e+000
  2.0000000e+000  2.0000000e-001  2.4685000e+000
  2.0000000e+000  4.0000000e-001  2.0868000e+000
  2.0000000e+000  6.0000000e-001  1.7288000e+000
  2.0000000e+000  8.0000000e-001  1.4345000e+000
  2.0000000e+000  1.0000000e+000  1.2224000e+000
  2.0000000e+000  1.2000000e+000  1.0852000e+000
  2.0000000e+000  1.4000000e+000  1.0038000e+000
  2.0000000e+000  1.6000000e+000  9.5915000e-001
  2.0000000e+000  1.8000000e+000  9.3700000e-001
  2.0000000e+000  2.0000000e+000  9.2798000e-001
