 -2.0000000e+000 -2.0000000e+000 -1.1114858e-002
 -2.0000000e+000 -1.6883000e+000  4.0157819e-001
 -2.0000000e+000 -1.3766000e+000  8.4558752e-001
 -2.0000000e+000 -1.0649000e+000  1.1884118e+000
 -2.0000000e+000 -7.5320000e-001  1.3094632e+000
 -2.0000000e+000 -4.4150000e-001  1.1413126e+000
 -2.0000000e+000 -1.2980000e-001  8.2018440e-001
 -2.0000000e+000  1.8190000e-001  5.8026226e-001
 -2.0000000e+000  4.9360000e-001  4.4550212e-001
 -2.0000000e+000  8.0530000e-001  3.2495948e-001
 -2.0000000e+000  1.1170000e+000  1.3432402e-001
 -2.0000000e+000  1.4287000e+000 -1.8737639e-001
 -2.0000000e+000  1.7404000e+000 -6.0993348e-001
 -1.6883000e+000 -2.0000000e+000  2.3864582e-002
 -1.6883000e+000 -1.6883000e+000  4.3546123e-001
 -1.6883000e+000 -1.3766000e+000  8.7824529e-001
 -1.6883000e+000 -1.0649000e+000  1.2226262e+000
 -1.6883000e+000 -7.5320000e-001  1.3336485e+000
 -1.6883000e+000 -4.4150000e-001  1.1492173e+000
 -1.6883000e+000 -1.2980000e-001  8.1196851e-001
 -1.6883000e+000  1.8190000e-001  5.5897039e-001
 -1.6883000e+000  4.9360000e-001  4.1464908e-001
 -1.6883000e+000  8.0530000e-001  2.8530001e-001
 -1.6883000e+000  1.1170000e+000  8.3759551e-002
 -1.6883000e+000  1.4287000e+000 -2.3508494e-001
 -1.6883000e+000  1.7404000e+000 -5.9061402e-001
 -1.3766000e+000 -2.0000000e+000  6.0175004e-002
 -1.3766000e+000 -1.6883000e+000  4.7055872e-001
 -1.3766000e+000 -1.3766000e+000  9.0232294e-001
 -1.3766000e+000 -1.0649000e+000  1.2435551e+000
 -1.3766000e+000 -7.5320000e-001  1.3474458e+000
 -1.3766000e+000 -4.4150000e-001  1.1500194e+000
 -1.3766000e+000 -1.2980000e-001  8.0091492e-001
 -1.3766000e+000  1.8190000e-001  5.4156403e-001
 -1.3766000e+000  4.9360000e-001  3.9760161e-001
 -1.3766000e+000  8.0530000e-001  2.7241505e-001
 -1.3766000e+000  1.1170000e+000  7.8120606e-002
 -1.3766000e+000  1.4287000e+000 -2.0652235e-001
 -1.3766000e+000  1.7404000e+000 -4.6014360e-001
 -1.0649000e+000 -2.0000000e+000  9.6784134e-002
 -1.0649000e+000 -1.6883000e+000  5.0689691e-001
 -1.0649000e+000 -1.3766000e+000  9.2196405e-001
 -1.0649000e+000 -1.0649000e+000  1.2521642e+000
 -1.0649000e+000 -7.5320000e-001  1.3522407e+000
 -1.0649000e+000 -4.4150000e-001  1.1480562e+000
 -1.0649000e+000 -1.2980000e-001  7.9526057e-001
 -1.0649000e+000  1.8190000e-001  5.4146274e-001
 -1.0649000e+000  4.9360000e-001  4.1365361e-001
 -1.0649000e+000  8.0530000e-001  3.1068672e-001
 -1.0649000e+000  1.1170000e+000  1.4427612e-001
 -1.0649000e+000  1.4287000e+000 -8.2367961e-002
 -1.0649000e+000  1.7404000e+000 -2.3313519e-001
 -7.5320000e-001 -2.0000000e+000  1.3559109e-001
 -7.5320000e-001 -1.6883000e+000  5.4651653e-001
 -7.5320000e-001 -1.3766000e+000  9.4414728e-001
 -7.5320000e-001 -1.0649000e+000  1.2559318e+000
 -7.5320000e-001 -7.5320000e-001  1.3552578e+000
 -7.5320000e-001 -4.4150000e-001  1.1553044e+000
 -7.5320000e-001 -1.2980000e-001  8.1336256e-001
 -7.5320000e-001  1.8190000e-001  5.8412671e-001
 -7.5320000e-001  4.9360000e-001  4.9380206e-001
 -7.5320000e-001  8.0530000e-001  4.3093166e-001
 -7.5320000e-001  1.1170000e+000  3.0246642e-001
 -7.5320000e-001  1.4287000e+000  1.2999655e-001
 -7.5320000e-001  1.7404000e+000  4.2834468e-002
 -4.4150000e-001 -2.0000000e+000  1.8871663e-001
 -4.4150000e-001 -1.6883000e+000  6.0265229e-001
 -4.4150000e-001 -1.3766000e+000  9.8702747e-001
 -4.4150000e-001 -1.0649000e+000  1.2796100e+000
 -4.4150000e-001 -7.5320000e-001  1.3826573e+000
 -4.4150000e-001 -4.4150000e-001  1.2054153e+000
 -4.4150000e-001 -1.2980000e-001  8.9864117e-001
 -4.4150000e-001  1.8190000e-001  7.2091029e-001
 -4.4150000e-001  4.9360000e-001  6.8979516e-001
 -4.4150000e-001  8.0530000e-001  6.7149250e-001
 -4.4150000e-001  1.1170000e+000  5.6466312e-001
 -4.4150000e-001  1.4287000e+000  4.1308501e-001
 -4.4150000e-001  1.7404000e+000  3.4104187e-001
 -1.2980000e-001 -2.0000000e+000  3.0057868e-001
 -1.2980000e-001 -1.6883000e+000  7.2393476e-001
 -1.2980000e-001 -1.3766000e+000  1.1057585e+000
 -1.2980000e-001 -1.0649000e+000  1.3904468e+000
 -1.2980000e-001 -7.5320000e-001  1.5084663e+000
 -1.2980000e-001 -4.4150000e-001  1.3814738e+000
 -1.2980000e-001 -1.2980000e-001  1.1440532e+000
 -1.2980000e-001  1.8190000e-001  1.0455393e+000
 -1.2980000e-001  4.9360000e-001  1.0785961e+000
 -1.2980000e-001  8.0530000e-001  1.0768874e+000
 -1.2980000e-001  1.1170000e+000  9.4780738e-001
 -1.2980000e-001  1.4287000e+000  7.7947465e-001
 -1.2980000e-001  1.7404000e+000  6.9663132e-001
  1.8190000e-001 -2.0000000e+000  5.4972707e-001
  1.8190000e-001 -1.6883000e+000  9.8744850e-001
  1.8190000e-001 -1.3766000e+000  1.3758009e+000
  1.8190000e-001 -1.0649000e+000  1.6660622e+000
  1.8190000e-001 -7.5320000e-001  1.8094354e+000
  1.8190000e-001 -4.4150000e-001  1.7510839e+000
  1.8190000e-001 -1.2980000e-001  1.6012913e+000
  1.8190000e-001  1.8190000e-001  1.5738615e+000
  1.8190000e-001  4.9360000e-001  1.6206431e+000
  1.8190000e-001  8.0530000e-001  1.5584177e+000
  1.8190000e-001  1.1170000e+000  1.3475958e+000
  1.8190000e-001  1.4287000e+000  1.1324399e+000
  1.8190000e-001  1.7404000e+000  1.0226613e+000
  4.9360000e-001 -2.0000000e+000  8.5901187e-001
  4.9360000e-001 -1.6883000e+000  1.2977148e+000
  4.9360000e-001 -1.3766000e+000  1.6858189e+000
  4.9360000e-001 -1.0649000e+000  1.9841015e+000
  4.9360000e-001 -7.5320000e-001  2.1553352e+000
  4.9360000e-001 -4.4150000e-001  2.1619316e+000
  4.9360000e-001 -1.2980000e-001  2.0833824e+000
  4.9360000e-001  1.8190000e-001  2.0711269e+000
  4.9360000e-001  4.9360000e-001  2.0438935e+000
  4.9360000e-001  8.0530000e-001  1.8506758e+000
  4.9360000e-001  1.1170000e+000  1.5396075e+000
  4.9360000e-001  1.4287000e+000  1.2852544e+000
  4.9360000e-001  1.7404000e+000  1.1577143e+000
  8.0530000e-001 -2.0000000e+000  1.0546696e+000
  8.0530000e-001 -1.6883000e+000  1.4997147e+000
  8.0530000e-001 -1.3766000e+000  1.9037016e+000
  8.0530000e-001 -1.0649000e+000  2.2365337e+000
  8.0530000e-001 -7.5320000e-001  2.4589002e+000
  8.0530000e-001 -4.4150000e-001  2.5243380e+000
  8.0530000e-001 -1.2980000e-001  2.4787506e+000
  8.0530000e-001  1.8190000e-001  2.4140253e+000
  8.0530000e-001  4.9360000e-001  2.2519713e+000
  8.0530000e-001  8.0530000e-001  1.9195048e+000
  8.0530000e-001  1.1170000e+000  1.5438249e+000
  8.0530000e-001  1.4287000e+000  1.2846102e+000
  8.0530000e-001  1.7404000e+000  1.1614800e+000
  1.1170000e+000 -2.0000000e+000  1.1869633e+000
  1.1170000e+000 -1.6883000e+000  1.6627652e+000
  1.1170000e+000 -1.3766000e+000  2.1138893e+000
  1.1170000e+000 -1.0649000e+000  2.5110903e+000
  1.1170000e+000 -7.5320000e-001  2.7927723e+000
  1.1170000e+000 -4.4150000e-001  2.8767987e+000
  1.1170000e+000 -1.2980000e-001  2.7909518e+000
  1.1170000e+000  1.8190000e-001  2.6115226e+000
  1.1170000e+000  4.9360000e-001  2.2949865e+000
  1.1170000e+000  8.0530000e-001  1.8557417e+000
  1.1170000e+000  1.1170000e+000  1.4613151e+000
  1.1170000e+000  1.4287000e+000  1.2229710e+000
  1.1170000e+000  1.7404000e+000  1.1162652e+000
  1.4287000e+000 -2.0000000e+000  1.3433364e+000
  1.4287000e+000 -1.6883000e+000  1.8755805e+000
  1.4287000e+000 -1.3766000e+000  2.3964733e+000
  1.4287000e+000 -1.0649000e+000  2.8595162e+000
  1.4287000e+000 -7.5320000e-001  3.1646691e+000
  1.4287000e+000 -4.4150000e-001  3.1963597e+000
  1.4287000e+000 -1.2980000e-001  2.9963713e+000
  1.4287000e+000  1.8190000e-001  2.6725421e+000
  1.4287000e+000  4.9360000e-001  2.2209408e+000
  1.4287000e+000  8.0530000e-001  1.7238656e+000
  1.4287000e+000  1.1170000e+000  1.3473283e+000
  1.4287000e+000  1.4287000e+000  1.1425341e+000
  1.4287000e+000  1.7404000e+000  1.0557962e+000
  1.7404000e+000 -2.0000000e+000  1.5726995e+000
  1.7404000e+000 -1.6883000e+000  2.1795719e+000
  1.7404000e+000 -1.3766000e+000  2.7663359e+000
  1.7404000e+000 -1.0649000e+000  3.2543776e+000
  1.7404000e+000 -7.5320000e-001  3.5161447e+000
  1.7404000e+000 -4.4150000e-001  3.4346282e+000
  1.7404000e+000 -1.2980000e-001  3.0826518e+000
  1.7404000e+000  1.8190000e-001  2.6168168e+000
  1.7404000e+000  4.9360000e-001  2.0710720e+000
  1.7404000e+000  8.0530000e-001  1.5640357e+000
  1.7404000e+000  1.1170000e+000  1.2281149e+000
  1.7404000e+000  1.4287000e+000  1.0601940e+000
  1.7404000e+000  1.7404000e+000  9.9260953e-001
