  7.5523356e-001 -5.7467239e-001  4.2280607e-001
  1.0193918e+000 -1.1063908e+000  1.2048266e+000
 -5.5699469e-001 -9.6437280e-001  6.9134713e-001
 -4.6260199e-001 -1.0073453e+000  7.7421616e-001
 -4.1625164e-001 -1.3884109e+000  4.8048732e-001
  7.6801100e-001 -1.7699874e-001  3.1100928e-001
  3.3230735e-001 -2.2296392e-001  3.6565714e-001
  9.8159056e-001 -4.6162025e-001  2.6462950e-001
  1.5098206e+000  1.3838062e+000  2.4393068e-003
 -1.8608854e-001  1.1292745e+000  7.3074212e-005
  8.7214140e-001  3.8718795e-001  4.7329986e-001
  1.0346682e+000 -4.5449805e-001  2.0939200e-001
 -2.7652846e-001 -1.1380574e+000  7.9511245e-001
  7.7628271e-001  7.2062827e-001  5.9978202e-001
 -2.3950122e-001 -1.3071785e+000  6.9355220e-001
  1.2432600e+000  7.0422700e-001  4.3293916e-001
  8.3745312e-001 -1.0970085e+000  1.1779651e+000
  1.5095922e-001 -9.5704396e-001  6.8780938e-001
 -1.1220226e-001 -9.7595781e-001  8.1601302e-001
 -1.1173967e+000 -4.7217658e-001  3.2903671e-008
  1.0358085e+000 -7.8561129e-001  1.1834200e+000
  2.8484555e-001  1.0247587e+000  2.7780532e-001
  1.3371855e+000  9.4376597e-001  2.8687986e-001
  5.3176324e-002 -1.1138602e+000  6.9743523e-001
 -1.0968511e-001 -1.4133855e+000  4.4742618e-001
  1.1728734e+000 -2.0906261e-001  3.7879531e-002
  7.1026122e-001 -5.5583725e-001  4.0388876e-001
  3.0999542e-001 -9.1888034e-002  2.8621248e-001
  5.9209343e-001  5.6684620e-001  5.5750161e-001
  9.8301414e-001 -1.0074011e+000  1.2559938e+000
  8.6848284e-001  1.0671550e+000  5.7380485e-001
  2.6744972e-001  1.4859823e-002  1.7530923e-001
  1.1808156e+000  1.2426079e+000  2.4471854e-001
  1.3728892e+000  6.0929196e-001  2.1515756e-001
 -4.2384752e-001 -6.9770012e-001  6.3203414e-001
  9.5124580e-001  5.0839136e-002  9.2176218e-002
  8.3467475e-001  1.4150352e+000  1.9751885e-001
  1.0212236e+000 -7.7324381e-001  1.1736459e+000
 -2.7118855e-001 -1.0174886e+000  8.0091434e-001
  8.5498241e-001 -7.6495318e-001  1.1426088e+000
  2.0615987e-001 -4.8425529e-001  3.9819933e-001
  6.0047245e-001  8.6698793e-001  5.9098340e-001
  1.0364249e+000  6.9475887e-001  5.7958993e-001
  8.2828752e-001 -1.1673671e+000  1.0197016e+000
  5.3169357e-001 -9.9785558e-001  3.1298074e-001
  6.6627199e-001 -1.1499867e+000  4.9208580e-001
  9.0599471e-001  1.1657152e+000  5.1016744e-001
  1.9897876e-001  1.4276985e-001  5.5065848e-002
  1.2045474e+000 -1.0564694e+000  1.0663215e+000
  1.4071789e-001 -2.3683809e-002  1.4222502e-001
  5.8653124e-001 -3.7227767e-001  3.9815469e-001
  8.1131564e-002 -3.9874425e-001  3.2479335e-001
  1.0643979e+000 -1.3874414e-001  7.7678415e-002
 -1.4753585e-002 -9.6045766e-001  8.2204356e-001
  1.1563030e+000 -9.6080963e-001  1.1667407e+000
  1.1582645e-001 -7.4019939e-001  7.0182626e-001
 -4.6927855e-001 -7.6943586e-001  6.7908568e-001
  8.8248132e-001  1.0596643e+000  5.7502584e-001
  6.9197245e-001  3.1202363e-001  3.7838074e-001
  6.9596909e-001 -1.1932044e+000  4.8746461e-001
  2.3394473e-001  2.0819700e-001  4.6253263e-002
  9.5211777e-001 -8.4995676e-001  1.3242983e+000
  1.1288251e+000 -9.4097468e-001  1.1950683e+000
  2.4644036e-001 -9.4624340e-001  5.2286208e-001
  6.2587766e-001  4.6966902e-001  5.1664369e-001
  1.0939607e+000  5.9370026e-001  5.2772834e-001
  3.1772312e-001  5.4099977e-001  3.0008110e-001
 -1.3738050e-001 -5.2065108e-001  4.1600592e-001
  1.0776837e+000 -9.5082349e-001  1.2329444e+000
 -9.0466614e-002 -1.1143121e+000  7.8664398e-001
  8.7554842e-001  4.5400333e-001  5.3146825e-001
 -1.3744054e-001 -9.9703194e-001  8.1020850e-001
  9.4837609e-001 -1.1211019e+000  1.2029201e+000
  1.3156799e+000 -3.5612355e-001  8.5806132e-003
 -6.4018097e-001 -1.2024292e+000  4.4022056e-001
  7.5022320e-001  8.0890859e-001  5.9996973e-001
 -3.1913750e-001 -7.6220498e-001  7.5787234e-001
 -1.9566287e-001 -1.2599842e+000  7.3881128e-001
 -2.0944113e-001 -9.2799566e-001  8.0794017e-001
  9.7738311e-001 -9.8720912e-001  1.2682965e+000
 -4.9226048e-001 -1.0794839e+000  7.4769549e-001
  1.0887459e+000 -1.1328189e+000  1.1588481e+000
  1.0195781e+000 -6.0858665e-001  5.0638768e-001
 -1.8073750e-001 -1.1012327e+000  7.9865571e-001
 -3.8182028e-001 -5.8608460e-001  4.5515257e-001
  2.7196685e-001 -8.5352778e-001  5.1059917e-001
 -1.0677992e-001 -1.1421109e+000  7.8183746e-001
 -2.3338294e-002 -1.2136587e+000  6.9081300e-001
  1.3045434e+000 -1.1795426e+000  4.7619133e-001
  8.8780205e-001 -1.0898973e+000  1.2227077e+000
 -5.3266780e-002 -1.3349789e+000  5.5579603e-001
  4.2007729e-001 -1.3913582e-004  2.3922065e-001
  8.7446496e-001 -9.6735802e-001  1.3200397e+000
  9.7030609e-001 -7.6876221e-001  1.2056187e+000
  2.2920307e-001 -8.5860877e-001  5.8192845e-001
  1.1830497e+000 -8.6283464e-001  1.0420920e+000
  8.5551052e-002 -8.0942785e-001  7.8407476e-001
  9.0356981e-001  8.4888720e-001  5.9920402e-001
  1.0539259e+000 -9.9756577e-001  1.2319336e+000
  5.3237694e-001 -6.3651383e-001  3.9967595e-001
  2.0661066e-002 -1.0224123e+000  7.8414780e-001
 -6.2322306e-002 -9.6617423e-001  8.2241473e-001
  8.7865385e-001 -8.7945376e-001  1.3445820e+000
  1.1332262e+000  9.1557942e-001  5.3246879e-001
 -4.2872728e-001 -7.2376000e-001  6.6367213e-001
  8.1945823e-001  8.8063967e-001  5.9978081e-001
  9.4750493e-001  5.8562765e-001  5.7914396e-001
  8.2767594e-001  3.4884251e-001  4.3626814e-001
 -2.7655647e-001 -1.2123095e+000  7.7363482e-001
 -3.1712755e-001 -9.8585967e-001  8.0022516e-001
  1.0064505e+000  7.3715465e-001  5.9004239e-001
 -4.2990473e-001 -8.6307540e-001  7.6736802e-001
  9.9794538e-001  1.0151363e+000  5.6711848e-001
 -3.2837427e-001 -6.3678842e-001  5.9662819e-001
  6.4776654e-001  9.7706664e-001  5.8639160e-001
  1.0534999e+000 -1.0753887e+000  1.2093315e+000
  9.3213081e-001 -1.1311107e+000  1.1912061e+000
  1.4288864e-001 -4.9527684e-001  4.0521866e-001
  9.5726111e-001 -1.0643660e+000  1.2387017e+000
  1.9827948e-001 -1.1115296e+000  4.5453798e-001
  3.7740597e-001 -5.0520396e-001  4.0043689e-001
  5.9265589e-001 -6.5929067e-001  4.0711604e-001
  4.3897429e-001  9.6057983e-001  4.9712911e-001
  9.6239970e-001 -2.2307897e-001  2.0093554e-001
  9.2408457e-001  9.2246300e-001  5.9573833e-001
  8.0928316e-001 -7.9252739e-001  1.1321567e+000
 -2.7834477e-001 -3.6880614e-001  7.9295202e-002
  1.1756210e+000 -1.0724679e+000  1.1136112e+000
  1.1934438e+000  6.5387193e-001  4.7224876e-001
  7.4634423e-003 -9.0848280e-001  8.3352388e-001
  3.0544357e-001  8.2973674e-001  3.7690525e-001
  1.3700883e+000  6.0441891e-001  2.1675727e-001
  8.7377123e-001 -3.7678058e-001  3.2893352e-001
  1.2770204e+000 -7.5199291e-001  3.9784326e-001
  2.7428153e-001 -6.1553444e-001  4.3260529e-001
 -2.4199039e-001 -1.1350830e+000  7.9595731e-001
  5.1450409e-001 -2.5875605e-001  3.8902230e-001
  9.8491197e-001 -9.8915102e-001  1.2636934e+000
 -2.0284841e-001 -1.0571564e+000  8.0164644e-001
 -1.8411435e-001 -9.6146661e-001  8.0864559e-001
  8.7798325e-001  4.2377730e-001  5.0725399e-001
  9.0413110e-001 -9.0467301e-001  1.3435344e+000
  1.1041409e+000 -1.2106923e+000  1.0026144e+000
  6.5465231e-001  7.9866706e-001  5.9793698e-001
 -6.4087869e-001 -1.0668806e+000  5.3857384e-001
  3.4450382e-001  5.6685805e-001  3.5352946e-001
  9.4147890e-001  2.7908094e-001  3.1374193e-001
 -3.1043458e-001 -1.0720889e+000  7.9914577e-001
 -1.1934013e-001 -1.6956721e+000  1.4412380e-002
  1.0392606e+000 -1.0418390e+000  1.2238518e+000
  9.3974561e-001 -1.0494598e+000  1.2513805e+000
  1.1139663e+000 -9.8268828e-001  1.2067195e+000
  1.0500960e+000 -8.9353265e-001  1.2589267e+000
 -3.0224904e-001 -6.9628862e-001  7.0145768e-001
 -1.7884993e-001 -1.1154921e+000  7.9694399e-001
 -7.5687078e-002 -1.1848277e+000  7.5055282e-001
  1.0474140e+000 -1.0408978e+000  1.2217438e+000
  9.2274296e-002 -2.9940989e-001  2.8459420e-001
 -5.5025451e-001 -1.0785046e+000  6.8964999e-001
 -1.5788745e-001 -1.0164507e+000  8.0638450e-001
  9.2810325e-001 -4.0768504e-001  2.9690648e-001
  7.1730074e-002 -4.4060759e-001  3.5061801e-001
 -8.0106549e-001 -1.4666099e+000  1.0328618e-002
 -1.9361856e-001 -5.7653617e-001  5.2724309e-001
 -2.6275371e-001 -9.7492859e-001  8.0194726e-001
 -5.4349860e-001 -7.3468971e-001  5.4055561e-001
  9.9116159e-001 -1.1165456e+000  1.2039312e+000
  1.0529655e+000 -9.1621368e-001  1.2546279e+000
 -4.4208968e-001 -1.2230987e+000  7.0940076e-001
  9.3700250e-001 -7.6837935e-001  1.2134150e+000
  1.3460205e+000 -1.3597081e+000  3.0503471e-002
  9.5920347e-001 -1.1173587e+000  1.2060833e+000
  8.2272535e-001  8.3408965e-001  5.9998696e-001
  7.8565089e-001  9.1674075e-001  5.9911460e-001
  9.0991158e-001 -1.0133201e+000  1.2826010e+000
  1.9958346e-001 -1.4549003e+000  5.5110298e-002
  8.7118886e-001  5.5378035e-003  1.3951890e-001
  4.1243975e-001 -3.0800857e-001  3.9357938e-001
  8.8203383e-001 -1.0260487e+000  1.2780124e+000
  1.1257251e+000 -1.1432885e+000  1.1118151e+000
  6.6791025e-001 -1.2005758e+000  3.5843070e-001
  9.2656247e-001 -1.0776844e+000  1.2363980e+000
  8.5152485e-001 -1.0581279e+000  1.2402753e+000
  1.0194094e+000 -8.6983899e-001  1.2826531e+000
  9.5792289e-001 -8.6421328e-001  1.3250081e+000
  6.7972344e-001  5.2666421e-001  5.6431425e-001
  7.5711349e-002 -1.0587281e+000  7.1562229e-001
  9.5038258e-001 -7.4434686e-001  1.1419376e+000
  2.8804901e-001 -2.3542739e-001  3.5912292e-001
 -2.6223809e-001  5.4527284e-001  1.0160325e-005
 -2.0642409e-001 -1.3002705e+000  6.9856042e-001
 -4.3656873e-001 -1.0366875e+000  7.8344898e-001
  2.2753471e-001  1.3172151e+000  3.8984404e-002
  3.0008992e-001  1.2343050e-001  1.0186151e-001
  7.3966661e-001 -9.9425710e-001  1.1044130e+000
 -2.1788144e-001 -1.1975847e+000  7.7981901e-001
  1.0397621e-001 -8.1879956e-001  7.6805975e-001
  1.2517951e+000 -3.1823538e-001  2.1541172e-002
 -9.1547154e-002 -8.8006594e-001  8.3467999e-001
  9.7175483e-001 -1.1061695e+000  1.2130339e+000
  3.2774462e-001 -9.5447756e-002  2.9499289e-001
  1.0588256e+000 -1.0844331e+000  1.2042652e+000
  5.9583559e-001  1.4699951e-001  2.0043284e-001
  2.5623036e-001  6.2779423e-001  2.6512870e-001
 -2.6934000e-001 -7.6142173e-001  7.7046190e-001
  1.5431703e+000  1.0850083e+000  2.7112541e-002
  4.5398036e-001 -5.1555844e-001  4.0013941e-001
  8.2610771e-001 -9.8053353e-001  1.2933050e+000
  8.3632792e-001  8.6123741e-001  5.9988102e-001
  7.7938579e-001  6.2877896e-001  5.9591888e-001
  1.1195837e+000 -1.1829728e+000  1.0494674e+000
 -4.2537137e-001 -6.7805189e-001  5.9982711e-001
 -2.8773980e-001 -9.4674116e-001  8.0141801e-001
  9.6133655e-001 -8.1864816e-001  1.2974465e+000
  6.5915922e-001 -1.3019981e-001  3.2421329e-001
  6.6387113e-002  1.1444170e-001  2.9617764e-002
  1.1398932e+000 -1.1353820e+000  1.1040388e+000
  6.5543682e-001 -4.8643644e-001  3.9827839e-001
  1.2806290e+000  7.9458010e-001  3.9745183e-001
  8.2755074e-001 -1.0390014e+000  1.2424848e+000
 -3.0831504e-001 -1.2070748e+000  7.7305591e-001
  4.4467090e-001  7.3588289e-002  1.8474400e-001
  5.6603158e-001 -8.7804782e-001  4.3982441e-001
  5.7564654e-001  9.5385541e-001  5.7517237e-001
 -2.0676012e-001 -4.7677703e-001  2.8918148e-001
  8.6699578e-001 -1.0756393e+000  1.2296316e+000
 -1.2124783e-001 -9.0813028e-001  8.2512470e-001
  2.0132789e-001 -6.5964475e-001  5.1544164e-001
 -2.6495119e-001 -1.1906944e+000  7.8308718e-001
  8.9953305e-001 -1.0083307e+000  1.2887475e+000
  6.4812058e-001  9.5940897e-001  5.8921763e-001
  1.0764187e+000 -1.0104524e+000  1.2201950e+000
 -5.7643269e-002 -1.9958108e-001  1.0800314e-001
  1.0588896e+000 -1.0281913e+000  1.2217422e+000
 -3.4429237e-001 -1.2451139e+000  7.4136928e-001
  9.1172113e-001  8.5525411e-001  5.9888380e-001
  6.0686270e-001 -6.7690779e-001  4.1679856e-001
  5.8162681e-001  1.4098924e+000  1.5416914e-001
  1.1521392e+000 -8.7225597e-001  1.1241989e+000
  1.0803515e+000  9.0237233e-001  5.6436712e-001
  1.0845756e+000 -8.4228515e-001  1.2010312e+000
  9.2018253e-001 -1.0546108e+000  1.2528324e+000
  1.3536850e+000 -1.0057408e+000  4.7530819e-001
  9.7949639e-001 -9.9563351e-001  1.2631171e+000
  2.9665966e-001  4.2735144e-001  1.8360815e-001
  1.0450617e+000  6.9301749e-001  5.7679260e-001
  1.1068514e+000 -1.1123147e+000  1.1640890e+000
 -2.8435558e-001 -1.1075317e+000  7.9807102e-001
  3.7220992e-001 -8.2110295e-001  4.0417210e-001
 -1.4006770e-001 -1.0488549e+000  8.0378348e-001
  1.1264260e+000 -1.0144131e+000  1.1933215e+000
  5.9503606e-001  6.3169057e-001  5.7752722e-001
 -4.4522582e-001 -6.9529408e-001  6.0835550e-001
 -4.5341241e-001 -1.1801777e+000  7.3316652e-001
  9.7038429e-001 -1.2093719e+000  1.0716246e+000
  6.6278023e-001  5.2228855e-001  5.5888799e-001
  7.8447106e-001 -9.2719926e-001  1.2511382e+000
  4.8929960e-001 -4.1141113e-001  3.9979533e-001
  8.7281400e-001 -1.1082853e+000  1.1942297e+000
 -4.7913021e-001 -9.7322299e-001  7.6456235e-001
 -3.0292808e-001 -1.1202194e+000  7.9626853e-001
  7.3974347e-001  1.0487590e+000  5.8045591e-001
  5.2688405e-001  1.2962349e+000  2.7114278e-001
  2.8841581e-002 -9.0777294e-001  8.2705467e-001
 -1.5253638e-001 -1.1266184e+000  7.9338701e-001
  7.9588588e-002 -2.9350497e-001  2.7220830e-001
  8.2925713e-001  8.9992965e-001  5.9945605e-001
 -9.8011012e-002 -9.3399717e-001  8.2550554e-001
  5.8368157e-001  8.0873418e-001  5.8991538e-001
 -1.7192960e-001 -7.2577201e-001  7.7065584e-001
  9.6369920e-001 -1.0094146e+000  1.2635062e+000
  1.4813032e+000 -1.8289060e-002  3.3015192e-005
 -5.8080232e-001 -9.3530911e-001  6.5071888e-001
  7.4652025e-001 -2.0010684e-001  3.3255981e-001
  7.1661725e-001 -9.0708205e-001  1.0279999e+000
  5.6191710e-001 -4.2861358e-001  3.9974000e-001
  1.0669235e+000  8.4422706e-001  5.7569642e-001
  9.8302875e-001  5.2960246e-001  5.4961889e-001
  5.0163764e-001 -4.8060243e-001  4.0001120e-001
 -1.3756070e-003 -1.6694583e-001  1.3707869e-001
  8.6557167e-001 -1.9182492e-001  2.6139816e-001
  4.5813354e-001  9.2037834e-001  5.2519961e-001
 -4.2129857e-001 -5.8753711e-001  4.2427208e-001
  9.5867359e-001 -9.8542475e-001  1.2785864e+000
  1.0530692e+000 -8.8586014e-001  1.2562384e+000
  1.2332048e+000 -8.9233592e-001  9.3558573e-001
  4.0319381e-001 -2.0594253e-001  3.7111903e-001
  4.2958960e-001  4.2109214e-001  3.2761566e-001
  2.8973007e-001 -1.1235138e+000  2.6442346e-001
  4.6628528e-001 -4.6734550e-001  4.0001517e-001
 -2.2754478e-001 -6.5298596e-001  6.6615011e-001
  7.4679204e-001 -8.0127462e-001  9.6733513e-001
  8.0250579e-001  1.3024843e+000  3.6686577e-001
  6.5117310e-001 -8.0074903e-002  2.9381089e-001
  6.2690632e-001 -3.4699445e-001  3.9493408e-001
  3.2503639e-002 -7.6380068e-001  7.9920668e-001
  6.7763384e-001  1.3711386e+000  2.4439603e-001
 -5.2469754e-001 -7.9498170e-001  6.4146905e-001
  5.6841859e-001 -2.1782326e-001  3.7751595e-001
  4.3418221e-001 -8.2096633e-002  3.0894295e-001
  2.1944223e-001 -3.2660854e-001  3.6373042e-001
  5.1592637e-001 -5.1578874e-001  4.0001840e-001
 -3.6153507e-001 -1.0638530e+000  7.9655694e-001
  1.5831039e+000  7.8755134e-001  3.2905130e-002
  1.2875634e-001 -9.7581299e-001  7.0945288e-001
  9.1313308e-001 -4.2313617e-001  3.1137214e-001
  1.0182661e+000  8.6002372e-001  5.8796567e-001
  1.0849561e+000 -1.2754820e+000  7.9770047e-001
  8.0206963e-001 -6.4469635e-001  5.9863821e-001
  1.6846163e-001 -2.1008195e-001  2.9424894e-001
  2.9099129e-001  9.7871564e-001  3.1212258e-001
  7.8877973e-001 -9.5735310e-001  1.2551601e+000
  1.0285035e+000  1.0654009e-001  8.0050311e-002
 -4.0390041e-002 -1.0235876e+000  8.0427619e-001
  8.5932215e-001 -9.4129488e-001  1.3321812e+000
 -1.4656623e-001 -1.2128224e+000  7.6122456e-001
  8.7119607e-001 -1.0642225e+000  1.2431023e+000
  8.4164130e-001 -1.0167003e+000  1.2754620e+000
  8.8380236e-001 -7.5787485e-002  1.7275976e-001
  4.9342035e-001 -6.3174892e-001  3.9955461e-001
  5.9007687e-001 -7.9629663e-001  4.6049157e-001
 -5.9587171e-001 -1.0674218e+000  6.2509837e-001
 -1.3584834e-001 -1.0647185e+000  8.0180847e-001
  8.5249280e-001 -8.9135641e-001  1.3360429e+000
  6.6701568e-001  1.0780042e+000  5.5966288e-001
  4.5042300e-001 -3.8483998e-001  3.9919846e-001
  1.0914823e+000 -1.1307106e+000  1.1590366e+000
  1.0623128e+000 -8.4597713e-001  1.2318982e+000
 -7.0666947e-002 -7.7801409e-001  8.2572786e-001
  9.6655467e-001 -9.5201594e-001  1.2926518e+000
  4.9237986e-001  6.7179081e-001  5.4552263e-001
  3.4113943e-002 -7.7933984e-001  8.0845311e-001
  1.0240814e+000 -9.5931716e-001  1.2579826e+000
  3.6478483e-001  5.1015846e-001  3.3706152e-001
  8.9219243e-001 -9.7352304e-001  1.3138293e+000
  2.4931612e-001 -8.3409689e-001  5.4671037e-001
  1.2795051e-001 -4.9149615e-001  4.0275297e-001
  7.5366747e-001 -5.6081523e-001  4.1189045e-001
  2.9777095e-001 -7.9752535e-001  4.7329335e-001
 -8.8242849e-002 -1.1855654e+000  7.5609113e-001
  8.8447355e-001  9.8727654e-001  5.9180856e-001
 -2.6547239e-001 -8.8806623e-001  8.0268861e-001
  1.1619725e+000 -1.1818402e+000  9.7508105e-001
 -2.7769253e-001 -1.2368947e+000  7.5964162e-001
  5.4247819e-001 -5.1970631e-001  4.0000302e-001
  9.1589690e-001 -1.0036957e+000  1.2869342e+000
 -2.2506071e-001 -6.2559559e-001  6.1907220e-001
  2.4586384e-001 -7.1205482e-001  5.0454195e-001
  9.7177339e-001 -9.4400496e-001  1.2938619e+000
 -3.3982426e-001 -7.3760495e-001  7.3124749e-001
  8.3856491e-001 -1.0445463e+000  1.2460609e+000
  6.2866761e-001  1.1111740e+000  5.3063345e-001
  5.2870112e-001  2.5337980e-001  2.3441170e-001
  1.0214123e+000 -8.0903231e-001  1.2398968e+000
  4.1729106e-001  5.2567992e-001  4.1064201e-001
  1.5056436e+000  6.5122142e-001  7.4437810e-002
  7.1331118e-001 -1.0109082e-001  2.8756022e-001
  4.8766552e-001 -8.4139577e-002  3.1475376e-001
  1.3125839e+000 -1.0818984e+000  6.2962857e-001
  3.2472234e-001 -3.2686164e-001  3.8819197e-001
  1.0593605e+000 -9.5072509e-001  1.2429838e+000
  1.1494281e+000 -8.8892051e-001  1.1450413e+000
  2.8375363e-001  3.1404200e-002  1.6724919e-001
  1.0078267e+000 -8.9388977e-001  1.2903009e+000
  4.1587722e-001  7.4158242e-001  5.0324765e-001
  5.0095826e-001 -7.8179136e-001  3.8851735e-001
 -2.8356834e-001 -1.3471971e+000  6.3127666e-001
  4.4831715e-001 -6.5700030e-001  3.9987818e-001
  1.1399544e+000 -9.0148101e-001  1.1685978e+000
 -5.8698452e-002 -4.6934179e-001  3.3802483e-001
 -2.7188152e-001 -1.3296401e+000  6.6117805e-001
  7.7676578e-001  1.0498142e-001  1.7956348e-001
 -2.4021162e-001 -1.2541141e+000  7.4823505e-001
  1.2493734e+000  8.8291091e-001  4.2858765e-001
 -2.2694228e-001 -1.0653810e+000  8.0083167e-001
  1.0129802e+000 -1.1763565e+000  1.1383084e+000
  1.0990322e+000  1.0508164e+000  5.0164125e-001
  3.7202743e-001 -1.4397960e-001  3.3848400e-001
  7.6255580e-001 -4.7377679e-001  3.8615809e-001
  1.7644995e-001 -9.4723389e-001  6.5110281e-001
 -3.0356566e-001 -7.0355681e-001  7.0971261e-001
  1.2030931e+000 -9.2038876e-001  1.0596541e+000
  1.6614506e-001 -5.3129295e-001  4.2848182e-001
  3.7392746e-001 -5.3357918e-001  4.0126427e-001
  1.1726945e+000  1.5493472e+000  1.3619476e-002
  1.0123228e+000  7.4889884e-001  5.8956151e-001
  1.1806101e-001  5.4052849e-001  6.7364693e-002
  1.2299004e+000  9.8471120e-001  4.1450624e-001
 -1.1141017e-001 -1.0253586e+000  8.0770725e-001
 -8.4706113e-002 -6.8042911e-001  7.3921295e-001
  8.5091335e-001  1.2796359e+000  3.9517025e-001
  1.0635120e+000  8.1814156e-001  5.7788307e-001
  3.9901664e-003 -1.2417839e+000  6.3033823e-001
  9.0224771e-001  1.2232064e+000  4.5471646e-001
 -1.9806573e-001 -2.5915473e-001  4.1462282e-002
  7.7183504e-002 -5.7436081e-001  5.1490450e-001
 -2.4322461e-001 -5.7352467e-001  5.0264356e-001
  5.3433483e-001 -6.2157910e-001  3.9980932e-001
  6.9182820e-001 -4.4432988e-001  3.9491363e-001
  5.7862707e-001  9.1930417e-002  1.9964153e-001
  3.9625277e-001  1.0784268e+000  3.8394824e-001
  1.0855260e+000 -1.1155001e+000  1.1757825e+000
  9.8213589e-001 -6.6321120e-001  7.8932679e-001
  8.4363088e-001  9.9585278e-001  5.9254199e-001
 -4.1933955e-002  7.9861055e-001  1.2426207e-002
  6.1919954e-001  1.2613517e+000  3.7681403e-001
  1.0408038e+000 -1.0234208e+000  1.2287966e+000
 -4.0766775e-001 -1.2827774e+000  6.7102660e-001
  5.8402408e-001 -5.3292147e-001  3.9992487e-001
  9.2408420e-001 -9.3912226e-001  1.3223766e+000
  9.4703301e-001 -4.0531288e-001  2.8086537e-001
  7.4022234e-001 -9.4888137e-001  1.1283813e+000
  1.0804391e+000 -1.0926250e+000  1.1924072e+000
  4.1942839e-002 -5.2744407e-001  4.5294492e-001
  8.8441135e-001  8.2677243e-001  5.9971536e-001
  7.1801210e-001 -6.1899734e-001  4.4828759e-001
  6.7734681e-001  1.7425437e-001  2.2568427e-001
 -3.0478280e-001 -1.5072735e+000  2.7050342e-001
  9.6930019e-001 -9.0641853e-001  1.3123029e+000
  9.8701091e-001  7.8083556e-001  5.9424564e-001
  1.0560672e+000  1.3046141e+000  2.7199664e-001
  5.3131904e-001  1.0149302e+000  5.3850145e-001
  6.6881022e-001 -8.7396069e-001  7.8941729e-001
 -3.7593379e-001 -1.1263287e+000  7.8715249e-001
 -2.3227124e-001 -1.0273746e+000  8.0176786e-001
  1.1213545e+000 -1.0168043e+000  1.1964000e+000
  9.4744004e-001 -9.0383156e-001  1.3260001e+000
  7.9070091e-001  8.4410681e-001  5.9998089e-001
  6.7887032e-001 -1.1759628e+000  4.7097585e-001
  9.3552206e-001 -9.9712339e-001  1.2830263e+000
 -1.6037703e-001 -1.1006989e+000  7.9802502e-001
 -3.2488317e-001 -1.2549774e+000  7.3864408e-001
  1.2099116e+000 -7.7613989e-001  7.3562180e-001
 -5.3823942e-001 -8.7274594e-001  6.8329374e-001
 -2.0855457e-001 -1.1578083e+000  7.9129941e-001
  5.6967706e-001 -3.2073000e-001  3.9555753e-001
  9.5082615e-001 -7.6728719e-001  1.2090183e+000
 -4.9607527e-001 -8.6839918e-001  7.2603952e-001
  1.0168852e+000 -1.0991398e+000  1.2090570e+000
  2.1879191e-001  8.5134547e-001  2.4534084e-001
  7.0600484e-001  1.1584185e+000  5.1877719e-001
  1.0835484e+000 -8.3910640e-001  1.1992183e+000
  8.5816669e-001  4.3844491e-001  5.2235661e-001
  1.0887801e+000 -1.1306085e+000  1.1609793e+000
 -3.1828087e-001 -1.2669472e+000  7.2951802e-001
  9.7653305e-001 -1.3692490e+000  3.9605761e-001
  3.1109374e-001 -3.2352492e-001  3.8573655e-001
  9.5854386e-001 -1.0908892e+000  1.2240377e+000
  9.7683721e-001 -9.8467499e-001  1.2698479e+000
  1.1314915e+000  6.2707403e-001  5.1602154e-001
  8.7346793e-001 -8.2745876e-001  1.3034146e+000
 -1.3308899e-001 -1.3459975e+000  6.0183485e-001
  9.4012143e-001  9.1322138e-002  1.0929299e-001
  1.0265060e+000 -6.0366732e-001  4.7833859e-001
  9.4021331e-001 -1.2525476e+000  9.2106269e-001
  9.5554182e-001 -1.0343875e+000  1.2542557e+000
  1.2768304e+000  7.5595246e-001  3.9989633e-001
  9.0512058e-001 -9.2708781e-001  1.3356175e+000
  7.4857777e-001 -6.5208765e-002  2.4704052e-001
  1.0499005e+000 -8.6641026e-001  1.2553474e+000
  5.4612412e-001  1.6712738e+000  3.2007065e-003
  6.1748646e-001 -6.3952249e-001  4.0952468e-001
  1.5259918e-001 -7.8557062e-001  6.8664960e-001
  6.4132704e-001  1.0532849e+000  5.6417036e-001
 -1.5892301e-001  8.3138403e-001  8.6823299e-004
 -5.4429120e-001 -1.3343592e+000  4.2614905e-001
  5.7827465e-001  7.3625277e-001  5.8702662e-001
 -4.9943913e-001 -7.0389596e-001  5.5847379e-001
  4.5908187e-001 -1.4470293e-001  3.5022383e-001
  7.6861028e-001  5.5300103e-001  5.8247303e-001
  7.9604002e-001 -9.6105530e-001  1.2666617e+000
  1.0338183e+000  6.1844353e-001  5.6547887e-001
  3.7926893e-001 -2.8923363e-001  3.8879620e-001
  1.2730811e+000  2.7487246e-001  8.7471447e-002
  1.2140912e+000 -9.1162556e-001  1.0213535e+000
  3.5517988e-001 -1.0293804e+000  2.8336542e-001
  5.8721810e-002  4.5937655e-001  1.9691324e-002
  3.4792213e-001  1.2546000e-001  1.1945405e-001
 -1.7385542e-002 -5.9456245e-001  5.8688597e-001
  1.1080651e+000 -1.0515074e+000  1.1953224e+000
  9.4396037e-001 -3.6046907e-001  2.7281081e-001
  1.3406696e+000 -8.5480708e-001  3.9575518e-001
 -4.7865095e-001 -1.0140968e+000  7.6551439e-001
 -1.3583644e-001  1.7994063e-003  1.1912073e-002
  5.1076761e-001  9.3233706e-001  5.5443825e-001
  1.1994059e+000  6.7555920e-001  4.7371087e-001
  1.0841678e+000  1.2336547e+000  3.4356844e-001
  6.9170960e-002 -8.4504067e-001  8.0832931e-001
 -5.5283616e-001 -1.1576618e+000  6.4368274e-001
  1.0891553e+000 -1.1150155e+000  1.1740294e+000
 -3.9888239e-002 -1.2344359e+000  6.8508437e-001
  9.2154358e-001  8.6411616e-001  5.9835137e-001
  2.7078047e-001 -6.3899329e-001  4.4412435e-001
  8.4763949e-001 -6.7404819e-001  7.7708847e-001
  9.6823097e-001 -9.1810697e-001  1.3083853e+000
  9.2171031e-001 -1.0146529e+000  1.2779111e+000
  2.0256705e-001 -5.6485802e-001  4.3952009e-001
  1.2550878e+000 -1.1116195e+000  8.4112694e-001
  1.1481068e+000 -9.8458420e-001  1.1776620e+000
 -4.4333886e-001 -7.1456347e-001  6.3847539e-001
 -2.0249364e-001 -1.1029652e+000  7.9888144e-001
  7.2909921e-001  1.1144679e+000  5.5203203e-001
  8.9441845e-001 -8.4268990e-001  1.3296041e+000
  1.5083486e-001  8.4956729e-001  1.4999540e-001
  1.2685861e-001 -1.4477520e-001  2.2506840e-001
  8.3946737e-001  1.5338281e+000  6.3207233e-002
  8.7978246e-002 -5.5837951e-001  4.8633037e-001
 -8.0122975e-002 -1.0693537e+000  7.9695684e-001
  6.9237773e-001  1.4967613e-001  2.1138701e-001
  7.0863245e-001 -4.4829488e-001  3.9324363e-001
  6.2071493e-001  3.8253006e-001  4.3422246e-001
  7.9958738e-001  1.7829710e+000  4.4627983e-004
 -2.7995965e-001 -6.7583781e-001  6.8264711e-001
  1.5890042e+000  8.8604382e-001  2.8081157e-002
  2.9957286e-001 -9.8752809e-001  3.9858045e-001
  7.8613848e-001 -5.2628624e-001  3.9433761e-001
  1.1875592e+000 -9.0155553e-001  1.0802656e+000
  3.8041281e-001 -5.8720301e-001  4.0303536e-001
  5.1161943e-001 -4.7245374e-001  4.0000363e-001
 -5.5503694e-001 -1.6826750e+000  5.3830602e-003
  1.2967226e-001  3.5029937e-001  2.3624958e-002
  7.5801047e-001  1.3082400e+000  3.5603881e-001
  5.8598860e-001 -5.8946470e-001  4.0051796e-001
  6.0121752e-001  1.0114980e+000  5.6802533e-001
  9.4728790e-001  6.4997475e-001  5.9102268e-001
 -4.8066747e-001 -1.0963322e+000  7.5154972e-001
 -4.7975779e-001 -8.6467037e-001  7.3785970e-001
  6.5125529e-001 -5.1352555e-001  3.9887047e-001
  7.1076770e-001  3.8289236e-001  4.6632216e-001
 -6.7364308e-001 -1.3784415e+000  1.5118978e-001
  2.5431512e-001 -1.9992413e-001  3.3255483e-001
  1.1649289e-001  5.0009723e-003  1.0691874e-001
  1.0832620e+000 -9.3921401e-001  1.2313167e+000
 -3.7854917e-001 -8.6458689e-001  7.8509506e-001
  9.2105177e-001  2.4250792e-001  2.7022942e-001
 -6.5705188e-001 -7.8232835e-001  3.8691914e-001
  1.1305029e+000 -1.1332117e+000  1.1193224e+000
 -8.2544881e-001 -9.4305584e-001  1.3370147e-001
  2.9932253e-001  6.7044806e-001  3.4548753e-001
  4.8361513e-001 -2.6583093e-001  3.9021162e-001
 -1.9946072e-001 -4.9247250e-001  3.2758856e-001
  8.9737904e-001 -4.3293144e-001  3.2427188e-001
 -4.0307750e-001 -1.0519588e+000  7.9132064e-001
  6.1121413e-001 -3.1694633e-001  3.9318797e-001
 -4.4826688e-001 -7.7047844e-001  6.9887503e-001
 -4.6348827e-001 -8.4203376e-001  7.3884721e-001
  5.2308815e-001  1.4423049e+000  9.4640044e-002
 -7.3581536e-001 -9.2179433e-001  3.1311167e-001
  1.2872512e+000 -8.1911755e-001  5.5266202e-001
 -4.1814639e-001 -7.5412751e-001  7.0580202e-001
  1.0841126e+000  5.0584534e-001  4.8352360e-001
  1.6952630e+000  1.1521202e+000  8.0893790e-004
  6.7002366e-001  7.1105279e-001  5.9715810e-001
  7.0346453e-001  6.4756322e-001  5.9511319e-001
 -2.9865246e-001 -1.2902682e+000  7.0949766e-001
  2.3453698e-001  5.3628764e-001  1.8634892e-001
 -5.5912218e-001 -8.4296415e-001  6.3484494e-001
  1.2841392e+000  7.3671814e-001  3.8699372e-001
  9.4697094e-001  1.4309762e+000  1.5409342e-001
  7.6671466e-001  9.8384686e-001  5.9438505e-001
 -3.9989817e-001 -1.1917373e+000  7.5632885e-001
  4.3668720e-001  9.7971897e-001  4.8718858e-001
  1.1574412e+000 -1.1201979e+000  1.0972469e+000
  9.7927030e-001 -8.7330778e-001  1.3124452e+000
  1.3740047e+000  5.2198644e-001  1.6736876e-001
  8.6848308e-001 -9.9379111e-001  1.3022110e+000
  4.3202567e-001 -8.4793961e-001  3.7026150e-001
  9.8337198e-001  6.6854693e-001  5.8812220e-001
 -3.7641448e-001 -1.0251766e+000  7.9652924e-001
  1.0877654e+000 -8.0061279e-001  1.1351193e+000
  6.7884294e-001 -4.4291474e-001  3.9601312e-001
 -2.5659106e-001 -1.0272051e+000  8.0108445e-001
 -2.1887362e-001 -1.1146333e+000  7.9803798e-001
  2.9410875e-001 -2.5863460e-001  3.6826168e-001
  5.6135141e-001  2.9842742e-001  3.0178992e-001
  5.3529879e-001 -2.4040565e-001  3.8493106e-001
  9.4992019e-001  7.0686482e-001  5.9552448e-001
 -6.5652514e-002 -5.8995418e-001  5.8227244e-001
  6.4040287e-001  4.2354755e-001  4.8439589e-001
  8.6695978e-001 -2.8357916e-001  3.0569852e-001
  5.3890287e-001 -6.6061310e-001  3.9978434e-001
 -4.5851402e-001 -8.4419732e-001  7.4341000e-001
  1.1725293e+000 -1.1664194e+000  9.8759693e-001
  9.0629518e-001 -9.9186272e-001  1.2979167e+000
  4.3333384e-001 -3.5119491e-001  3.9770115e-001
 -4.5260441e-002 -1.4957071e+000  2.1289320e-001
 -6.3374126e-003 -5.6715911e-001  5.3155821e-001
  1.0311429e+000 -1.2183528e+000  1.0453981e+000
  9.1476572e-001 -9.2355919e-001  1.3338107e+000
 -5.8139924e-002 -9.0930635e-001  8.3589628e-001
 -1.8906095e-001 -7.6390385e-001  7.9158473e-001
  7.6972314e-001 -2.0058204e-002  2.0709456e-001
 -3.7103031e-001 -1.2738458e+000  7.0348538e-001
  3.5838543e-001  1.1779226e-002  2.1252532e-001
 -2.3267514e-001 -6.2225158e-001  6.1010014e-001
 -5.0255845e-001 -1.1424631e+000  7.1443828e-001
  7.5831410e-001 -9.0068247e-001  1.1731093e+000
 -4.2068900e-001 -1.0467462e+000  7.8755074e-001
  3.6552401e-001  1.1155898e+000  3.1586048e-001
 -6.1623079e-001 -4.7571422e-001  5.5043882e-002
  1.3827971e+000  1.3575946e+000  2.2902288e-002
  9.6751861e-001  9.5893564e-001  5.8697972e-001
  6.8068866e-001  6.8445105e-001  5.9648706e-001
  9.9016086e-001 -1.0599458e+000  1.2317494e+000
  1.0234254e+000 -9.2600897e-001  1.2709837e+000
  6.1443727e-001  2.4979755e-001  2.7642421e-001
  9.2098051e-001  8.1744798e-001  5.9896744e-001
  7.4664021e-001 -6.4449650e-001  5.1870044e-001
  9.8794439e-001  9.6343759e-001  5.8244556e-001
 -5.7669095e-001 -1.1900416e+000  5.7717575e-001
  1.0538621e+000 -1.1837565e+000  1.1112272e+000
 -1.0957479e-001 -6.9567389e-001  7.5524369e-001
  7.9421605e-001  6.3588459e-001  5.9664267e-001
  8.3919974e-001 -7.1408827e-002  1.9992708e-001
  1.0800678e+000 -9.4447809e-001  1.2326079e+000
 -3.1772077e-001  2.7834823e-001  7.0773508e-007
  7.5584348e-001 -1.8804377e-002  2.1300987e-001
 -2.7967019e-001 -1.3887126e+000  5.5283297e-001
  8.8927426e-001 -8.9668427e-001  1.3467922e+000
  2.2179177e-001 -9.3470266e-001  5.7529563e-001
  3.9285559e-001 -6.4402822e-001  4.0415785e-001
  8.5169153e-001 -9.8188931e-001  1.3073614e+000
 -4.5800240e-001 -1.4917405e+000  2.1796613e-001
 -2.0090613e-001 -6.5115294e-001  6.7150554e-001
  7.6140293e-001  1.3089866e+000  3.5534431e-001
  8.9973376e-001 -8.0268983e-001  1.2799334e+000
  1.6130902e-001 -1.0939342e+000  5.4906297e-001
  8.8824926e-001  5.1664589e-001  5.6514302e-001
  6.2169747e-002 -5.7779196e-001  5.2775862e-001
  5.0302530e-001 -8.3466201e-001  3.7784428e-001
  4.8429225e-001 -1.3496152e-001  3.4623866e-001
  8.5339869e-001 -1.0263374e+000  1.2725477e+000
  2.8388705e-001 -9.6632204e-001  4.4208529e-001
  1.2407882e+000 -1.0615705e+000  9.5838278e-001
  1.1332440e+000 -1.0750416e+000  1.1668505e+000
  9.6132392e-001  1.6088585e-001  1.5257414e-001
 -5.6366931e-001 -1.2976217e+000  4.5728389e-001
  4.9072861e-001 -9.2244549e-001  3.3276876e-001
  1.9260084e-001 -9.3449531e-001  6.2909021e-001
  3.3557057e-001 -2.0114211e-001  3.5815588e-001
  9.7924440e-002 -6.5389471e-001  6.1843466e-001
  6.0024564e-001  3.4795354e-001  3.8386930e-001
 -1.3932333e-001 -1.0520744e+000  8.0340803e-001
  9.0553283e-002 -9.7965237e-001  7.5407913e-001
  5.8800497e-001 -3.7550680e-001  3.9823988e-001
  8.6464856e-001 -1.0753982e+000  1.2287355e+000
  8.5638597e-001 -9.7459817e-001  1.3135637e+000
  1.1042922e+000 -2.3475163e-001  8.5050078e-002
  1.2275505e+000 -1.0116850e+000  1.0255179e+000
 -1.5372416e-001  5.5040403e-001  4.1008765e-004
  5.4767380e-001 -1.3599189e-001  3.4553490e-001
  1.2870290e+000  5.6964071e-001  3.1319745e-001
 -8.7554300e-002 -1.0465251e+000  8.0318791e-001
  1.1605818e+000 -9.8277684e-001  1.1629615e+000
  7.1198701e-001  2.4016258e-001  2.9342393e-001
 -9.9982766e-002 -9.7719715e-001  8.1709731e-001
 -2.8587191e-001 -4.7908956e-001  2.6125104e-001
  5.2588529e-001  3.9543940e-001  3.8849040e-001
 -2.3574570e-001 -9.9557436e-001  8.0255034e-001
  5.6956680e-001  7.0245929e-002  2.0695550e-001
  7.7962782e-001 -1.3757117e+000  1.4379818e-001
  1.1402934e+000 -9.2263934e-001  1.1777707e+000
 -4.9207966e-001 -1.0242239e+000  7.5639136e-001
  7.0679240e-001  3.6135977e-001  4.4180262e-001
 -2.0229122e-001 -8.9585142e-001  8.1052187e-001
  7.6268977e-001 -1.0077307e+000  1.1615550e+000
 -5.4016202e-003  4.9540717e-001  8.6296769e-003
  3.7906449e-002 -1.0957736e+000  7.2714658e-001
  1.2032379e+000  1.0193000e+000  4.2598383e-001
 -1.8434076e-001 -1.5032694e+000  2.7670722e-001
  6.6662407e-001  8.2523941e-001  5.9843019e-001
 -1.3837162e-001 -8.6739871e-001  8.2472575e-001
  1.0589695e+000 -9.5176506e-001  1.2429149e+000
  9.0684192e-001 -8.1661834e-001  1.3041293e+000
 -5.0989265e-001 -9.2863332e-001  7.3523976e-001
  4.7741965e-001  1.0412654e+000  4.8968453e-001
 -5.2486756e-001 -6.0808872e-001  3.4536335e-001
 -1.9441945e-001 -1.1450935e+000  7.9312538e-001
  3.7791516e-001  1.0745581e+000  3.6537752e-001
  9.3970609e-001 -1.1456072e+000  1.1761407e+000
  8.8727969e-001 -9.1568357e-001  1.3433227e+000
  8.9168654e-001 -1.0690074e+000  1.2431790e+000
  9.6835036e-001 -8.7540184e-001  1.3194007e+000
  3.4500447e-001 -3.7352505e-001  3.9491180e-001
  9.5674196e-003 -2.2417632e-001  1.7709612e-001
  3.2076418e-001  7.1321024e-001  3.8869586e-001
  8.2237996e-001  1.9986606e-001  2.4242078e-001
 -1.7167196e-001 -9.7774995e-001  8.0867765e-001
 -6.0562937e-001 -1.3287691e+000  3.3172520e-001
 -1.6555391e-001 -8.3416941e-001  8.1726525e-001
 -2.0786134e-001 -7.8526292e-002  9.3175840e-003
  6.8321852e-001  2.7146685e-001  3.2525475e-001
 -4.9191253e-001 -8.4161022e-001  7.1536486e-001
  1.1462756e+000 -9.1810837e-001  1.1679907e+000
  1.0178494e+000 -1.0942501e+000  1.2111242e+000
 -1.6826004e-001 -1.3510681e+000  6.1064199e-001
  2.7463230e-001 -1.8096425e-001  3.3077783e-001
  9.3198398e-001  1.4664890e+000  1.1588996e-001
  7.6717152e-001 -5.3650008e-001  3.9966400e-001
  7.2233716e-001 -1.0246004e+000  1.0087237e+000
  7.6619080e-001 -9.5880635e-001  1.2039634e+000
  1.0890194e+000 -8.0525003e-001  1.1419136e+000
  1.2915298e+000 -6.0079858e-001  4.9680807e-002
  8.7674543e-001  9.2585015e-001  5.9781828e-001
  8.7988188e-001 -1.0132825e+000  1.2878861e+000
  2.6561755e-001 -4.3069628e-001  3.9156681e-001
  1.0132506e+000 -8.5446271e-001  1.2842972e+000
  1.1363046e-001 -6.6524098e-001  6.1800225e-001
  7.0916444e-001 -5.2885323e-001  3.9817597e-001
  7.9292442e-001 -6.7820334e-001  6.9472631e-001
 -4.7977384e-001 -9.3033823e-001  7.5858090e-001
  9.3841328e-001  5.1038166e-001  5.5281070e-001
  4.7692397e-001 -4.4773017e-001  3.9997713e-001
  9.6365367e-001 -1.0093338e+000  1.2635673e+000
  1.1822879e+000  3.0289299e-001  1.8194664e-001
  1.0504784e+000 -1.1009453e+000  1.1994535e+000
  9.7099234e-001 -1.1665970e+000  1.1540009e+000
  1.1593570e+000 -1.2172349e+000  8.7884811e-001
  8.6342607e-001 -5.0637606e-001  3.6733710e-001
  8.1575268e-001  1.0630041e+000  5.7809933e-001
  3.5969611e-001  3.6767126e-001  1.9907591e-001
  9.7195173e-001 -1.2234319e+000  1.0348820e+000
  3.8501389e-001 -3.3563961e-001  3.9475729e-001
  6.0025784e-001  4.0226323e-001  4.4482085e-001
  1.1496516e+000 -6.1822261e-001  3.0994378e-001
  7.7518862e-001 -1.1446391e+000  9.4282250e-001
  6.8758352e-001  1.0791162e+000  5.6322138e-001
  9.4706334e-001 -1.3069278e+000  6.8871303e-001
 -2.1427527e-001 -8.5223357e-001  8.0818442e-001
  6.4840646e-001  5.3257939e-001  5.6007842e-001
  8.7644734e-001 -6.7196133e-001  8.0593308e-001
  5.4120557e-002  9.5590508e-001  4.4500319e-002
  3.4183003e-001 -7.7849335e-001  4.2945584e-001
  9.5046212e-001 -1.0089840e+000  1.2695939e+000
  1.1671312e+000 -6.7193631e-001  4.6812667e-001
  1.3933812e-001 -9.0529617e-001  7.2682908e-001
 -4.1438522e-001 -1.3284391e+000  5.9792548e-001
  6.4387287e-001 -7.1170785e-001  4.7465113e-001
  9.7831675e-001 -1.0755927e+000  1.2281827e+000
  1.0528569e+000 -8.9948543e-001  1.2565907e+000
 -5.4353772e-001 -1.3431114e+000  4.1136247e-001
  5.6296566e-001  7.0806143e-001  5.8096557e-001
 -1.0980523e-001 -1.1140190e+000  7.9057614e-001
 -1.1226978e-001 -5.0146165e-001  3.8159208e-001
  1.1825037e+000 -5.7774451e-001  1.4978882e-001
  8.7232541e-001  8.6066399e-001  5.9963249e-001
  1.1167787e+000 -1.0840265e+000  1.1756721e+000
  1.0038997e+000 -1.1150990e+000  1.2028791e+000
  7.0353399e-001  6.3026662e-001  5.9331208e-001
  8.8672209e-001 -1.0085924e+000  1.2908592e+000
  7.7782087e-001 -6.2729395e-001  5.1983551e-001
  9.4877572e-001  4.8179782e-001  5.3350562e-001
  4.5135811e-001  5.9453807e-001  4.8784492e-001
  5.5682588e-001  8.8063896e-001  5.8038284e-001
 -2.7822965e-001 -1.3048281e+000  6.9512175e-001
  7.1083118e-001  1.6530490e+000  9.2185926e-003
  1.9450968e-001 -5.9982302e-001  4.6987943e-001
  7.6165171e-001  6.6860918e-001  5.9837737e-001
 -2.9829079e-001 -1.9639132e-001  6.1601603e-003
  2.2397480e-001 -6.9706367e-001  5.2024861e-001
  8.4948815e-001 -3.9506261e-001  3.4625892e-001
 -5.1708090e-001 -1.1524216e+000  6.9334831e-001
  1.0270529e+000  5.9499889e-001  5.6079800e-001
 -2.2454647e-001 -1.0707279e+000  8.0067888e-001
 -1.4123828e-001 -9.9623019e-001  8.0994867e-001
 -2.8931069e-001 -8.3637255e-001  7.9459515e-001
  5.8365544e-001  7.1971475e-002  2.0681347e-001
  1.1422794e+000 -9.5078849e-001  1.1821838e+000
  3.5031040e-001 -3.0155250e-001  3.8773409e-001
  1.1497937e+000 -1.1623891e+000  1.0431686e+000
  1.0980676e+000  1.2007301e+000  3.7125067e-001
 -2.1425762e-001 -7.8616200e-001  7.9508831e-001
  1.0644512e+000 -7.8724164e-001  1.1460895e+000
  1.0604929e+000  8.9173243e-001  5.7366345e-001
  4.7206743e-001 -5.9094386e-001  4.0014660e-001
 -3.0005403e-001 -1.0568800e+000  7.9983010e-001
  8.9238630e-001 -9.4745344e-001  1.3291402e+000
  1.2925101e-001 -1.0203110e+000  6.7612937e-001
  2.1549271e-001 -1.0671254e+000  4.7223553e-001
  1.5614145e-001 -1.0756714e+000  5.7875041e-001
  4.8431009e-001  5.3841568e-001  4.8250435e-001
  1.8689208e-001  5.8098778e-001  1.5000075e-001
  1.1747367e+000 -9.9422994e-001  1.1428255e+000
 -2.1558922e-001 -9.7538595e-001  8.0464542e-001
  1.0673448e+000 -3.9370030e-001  1.6195513e-001
 -3.0445561e-001 -8.1393045e-001  7.8639111e-001
 -2.8735717e-001 -1.0617819e+000  7.9996793e-001
  1.1454031e+000 -1.0155284e+000  1.1769128e+000
  6.0037590e-001  1.2347470e+000  4.0053672e-001
  5.1272828e-001 -8.1191207e-001  3.8664321e-001
  1.2993892e+000  5.8127196e-001  3.0345797e-001
  3.7259533e-001 -4.7212934e-001  3.9971477e-001
  7.8953079e-001 -9.7705596e-001  1.2467309e+000
  8.4727203e-001 -9.4219635e-001  1.3274582e+000
  9.6519717e-001 -9.3709337e-001  1.3012538e+000
  4.4734828e-001  1.0548401e+000  4.5505095e-001
 -3.4501322e-001 -1.2143375e+000  7.6224682e-001
  1.0054404e+000 -5.3961724e-001  3.1727858e-001
  1.0830113e+000 -1.0140960e+000  1.2167529e+000
  3.1048549e-001 -3.1710527e-001  3.8463980e-001
  1.0991461e+000  2.5563839e-001  1.9059628e-001
  1.2049035e+000 -6.1669603e-001  1.9290779e-001
  1.0331412e+000 -1.0474078e+000  1.2239433e+000
  4.5959480e-001  1.1170513e+000  4.1805136e-001
  9.8688884e-001 -9.2476251e-001  1.2940023e+000
  9.1716985e-001 -1.0880655e+000  1.2289781e+000
  1.6726119e+000  1.8104588e-001  2.4449271e-005
  8.2608185e-001 -8.4311486e-001  1.2697543e+000
 -1.6087739e-001 -7.5720139e-001  7.9546977e-001
 -4.5492516e-001 -1.2586520e+000  6.6174559e-001
  9.3232172e-001  7.2012941e-001  5.9736389e-001
  1.1494111e+000 -1.1801467e+000  1.0054658e+000
  4.4912442e-001 -1.7767534e-001  3.6471400e-001
  9.8259845e-001  5.7502178e-001  5.6823810e-001
 -1.4696101e-001 -1.1586633e+000  7.8483215e-001
 -2.1971802e-001 -7.2701829e-001  7.5869835e-001
 -6.1697448e-002 -1.1290265e+000  7.7243302e-001
  1.0022433e+000 -9.8857679e-001  1.2559125e+000
  1.0299626e+000 -9.6990440e-001  1.2510331e+000
  8.4167378e-001 -4.5691914e-001  3.5941445e-001
  1.0723409e+000 -9.4498434e-001  1.2371139e+000
 -2.3734102e-001 -8.8926439e-001  8.0576517e-001
  1.2081231e+000  1.1114758e+000  3.5102411e-001
  8.1774710e-001  1.1540318e+000  5.3118087e-001
 -3.1573069e-001 -8.3744671e-001  7.9080480e-001
  2.2439072e-001 -4.3465559e-001  3.8646990e-001
  9.9372150e-001 -1.1280718e+000  1.1953428e+000
  6.5141704e-001  3.3476085e-001  3.9263723e-001
  3.7516410e-001  5.2268042e-001  3.5990865e-001
 -2.7813666e-001 -1.1772859e+000  7.8685875e-001
  4.7773759e-001 -6.2509406e-001  3.9980459e-001
  3.2662345e-001  1.1669762e+000  2.2225470e-001
  9.9126385e-001 -1.6082098e-001  1.4232573e-001
 -2.0240273e-001 -6.0285725e-001  5.8147956e-001
  6.2880860e-002 -1.0801602e+000  7.1336220e-001
  5.5681270e-001 -1.3957742e-001  3.4675535e-001
  7.1805723e-001  8.7310154e-001  5.9932720e-001
  4.6823940e-001  7.4521188e-001  5.4363977e-001
  7.1277449e-001 -6.1459125e-001  4.4000259e-001
 -4.9427450e-001 -8.1463758e-001  6.9449474e-001
  8.9778872e-001 -1.0045157e+000  1.2917893e+000
  9.0448001e-001  1.1409945e+000  5.2958743e-001
  1.0256943e+000 -8.9201208e-001  1.2776688e+000
  1.0604377e+000  1.1411831e+000  4.6175344e-001
  6.9451420e-001  1.0305161e+000  5.8118116e-001
  8.6786291e-001 -7.2833260e-001  1.0333119e+000
 -4.4816051e-001 -1.0266062e+000  7.7980936e-001
  1.0167821e-001 -7.3189012e-001  7.1059320e-001
  1.4337206e+000 -9.1117127e-001  1.2363223e-001
 -2.6508768e-001 -1.0693045e+000  8.0014350e-001
  1.0815751e+000 -8.5020115e-001  1.2120143e+000
  5.1572982e-001 -2.6396557e-001  3.8991139e-001
  1.1501219e+000 -9.2797255e-001  1.1666374e+000
  1.3704761e+000  6.8583484e-001  2.4787609e-001
  1.2023191e+000  7.7939429e-001  4.8966230e-001
  9.8503126e-001  5.8029548e-001  5.6929793e-001
  1.0516272e+000 -9.3288716e-001  1.2519439e+000
 -3.2964608e-001 -1.1046737e+000  7.9622434e-001
  1.1244358e+000 -9.2433760e-001  1.1966829e+000
  1.1250512e+000 -1.1499138e+000  1.1029829e+000
  1.1057017e+000 -8.1206519e-001  1.1247814e+000
  2.7033939e-001  3.2619213e-001  8.8679647e-002
  8.5102026e-001  1.1673247e+000  5.1852248e-001
  2.3932979e-001 -3.1656718e-001  3.6794880e-001
 -2.0463990e-001 -5.4895510e-001  4.5948051e-001
  1.1527113e+000 -1.0783147e+000  1.1435166e+000
  4.5105520e-001 -2.0804218e-001  3.7572022e-001
  7.1065517e-001  1.3550603e+000  2.7756986e-001
 -2.6607531e-001 -1.3191805e+000  6.7702584e-001
 -8.1082965e-001 -1.1610348e+000  1.2520856e-001
  1.8326571e-002 -7.2483449e-001  7.7270078e-001
  1.0123112e+000 -1.0404221e+000  1.2322767e+000
 -2.7883545e-001 -9.9612346e-001  8.0104806e-001
  4.5137063e-001 -1.0148032e+000  2.4533812e-001
  8.2369525e-001  1.4775564e+000  1.1753527e-001
  1.0521854e+000 -9.3136157e-001  1.2519840e+000
  2.8080916e-001 -6.0851214e-001  4.2721853e-001
  4.6596167e-001 -1.1519020e+000  1.0328784e-001
 -3.1985841e-001 -8.9647630e-001  7.9834919e-001
 -1.1639069e-001 -1.0773590e+000  7.9904615e-001
  3.8780248e-001  3.8155770e-002  1.9758861e-001
  1.0521385e+000 -1.1506877e+000  1.1602359e+000
  7.2004869e-001 -7.1805533e-001  6.4566034e-001
  4.3476372e-002 -9.1073472e-001  8.1960288e-001
 -8.6160071e-002 -9.4465114e-001  8.2521631e-001
  5.8791109e-001 -1.2680195e-001  3.3640531e-001
  1.0535090e+000 -8.5359556e-001  1.2463549e+000
 -6.8118984e-002 -1.3165859e+000  6.0214752e-001
  9.1148915e-001 -3.7929561e-001  3.0363723e-001
  8.2880619e-001 -1.1514963e+000  1.0604391e+000
  8.5745255e-001 -8.7807176e-001  1.3351440e+000
 -1.6648052e-001 -1.0467099e+000  8.0333736e-001
 -2.1145179e-001 -1.1423856e+000  7.9436880e-001
  4.7370801e-001 -7.0416307e-001  3.9666820e-001
  8.9366878e-001 -8.9552252e-001  1.3466809e+000
  9.0164672e-001  1.0235449e+000  5.8339782e-001
  4.3971304e-001  4.8459661e-002  2.0219833e-001
  3.2567556e-001  6.3699165e-001  3.6821162e-001
  6.1585250e-001 -9.2662913e-001  5.9354287e-001
  8.8663433e-001 -1.0094207e+000  1.2902665e+000
  7.2291780e-001  4.7804400e-001  5.4699290e-001
  8.6947164e-001 -8.2568872e-001  1.2979064e+000
  4.3278954e-001 -4.9507013e-001  4.0012733e-001
  1.0779865e+000 -1.0755309e+000  1.2009607e+000
  9.2977572e-001 -9.7506735e-001  1.2989586e+000
 -5.0352357e-001 -8.1680256e-001  6.8641975e-001
  7.5185772e-001 -2.6877557e-001  3.5780297e-001
  8.3839949e-001 -9.0485477e-001  1.3277603e+000
  1.0752602e+000  6.0342053e-001  5.4235802e-001
  8.3385990e-001 -9.7723471e-001  1.3015004e+000
  8.5526660e-001 -9.0363651e-001  1.3389703e+000
  1.3610728e+000  5.1825631e-002  1.6936712e-003
  1.0470639e+000 -9.8365316e-001  1.2388395e+000
  8.7625152e-001 -9.2240779e-001  1.3415093e+000
  1.0361698e+000 -6.4450510e-001  6.4137571e-001
  8.4614377e-001  4.8229876e-001  5.5281209e-001
 -1.6776650e-001 -1.3062303e+000  6.8055834e-001
  8.2767194e-001 -1.0654605e+000  1.2109640e+000
  1.2361745e+000 -1.0506037e+000  9.8228909e-001
  8.7298594e-001  9.4186444e-001  5.9700828e-001
 -5.0717554e-001 -9.2759842e-001  7.3737140e-001
  1.1938652e+000 -9.5128961e-001  1.1004972e+000
 -2.3499184e-001 -9.0359689e-001  8.0591147e-001
  2.4780223e-001 -3.6724295e-001  3.7998834e-001
  1.1128126e+000 -7.0178134e-001  7.4824520e-001
  5.4198915e-001 -3.3670655e-001  3.9737025e-001
  4.6689846e-001  1.5357374e+000  2.2513798e-002
 -3.9883915e-002 -8.4933637e-001  8.4384720e-001
  1.2060219e-001 -8.2403951e-001  7.4963562e-001
  1.1178965e+000 -8.6398790e-001  1.1739061e+000
 -1.3698485e-001 -8.5358519e-001  8.2527312e-001
  2.3867818e-001  1.0989744e+000  1.6980118e-001
  1.1289315e+000 -1.1000048e+000  1.1544942e+000
  8.4834361e-001  9.1803040e-001  5.9877599e-001
  1.0572819e+000 -1.1808406e+000  1.1144927e+000
 -5.9192772e-001 -8.7721822e-001  6.0538861e-001
  4.0654891e-001 -4.2076477e-001  3.9933092e-001
  9.6466916e-002  8.5924285e-001  8.8209637e-002
  2.0170263e-001 -3.9478324e-001  3.7300732e-001
 -3.1030597e-001 -1.1187081e+000  7.9604625e-001
 -1.0488806e-001 -1.4263786e+000  4.1414102e-001
 -1.9518718e-001 -9.9521563e-001  8.0513590e-001
  1.1234760e+000  5.9114188e-001  5.0639984e-001
  1.0073519e+000 -1.1628937e+000  1.1584338e+000
  3.6634805e-001 -6.3088826e-001  4.0729403e-001
  3.5417532e-003 -1.0557191e+000  7.7621016e-001
  6.8280326e-001  4.7477565e-001  5.3754264e-001
  5.9440398e-001  5.1377535e-001  5.3273918e-001
  6.8500934e-001  4.2164555e-001  4.9751203e-001
  9.1973878e-001  1.1758250e-001  1.3299434e-001
  9.8686686e-001 -1.2499566e+000  9.5346031e-001
  9.4820880e-001 -8.8397695e-001  1.3301964e+000
  1.0288131e+000  4.8642726e-001  5.0357636e-001
 -3.6987678e-001 -9.6684354e-001  7.9711419e-001
  6.6652451e-001  1.5297392e-001  2.1227182e-001
  6.8679528e-001 -8.4090863e-001  8.1930200e-001
  2.0392786e-001  3.8624255e-001  7.1465334e-002
  1.2734328e+000  7.0533565e-001  3.9452147e-001
  9.2735236e-001  5.6776041e-001  5.7764244e-001
  2.5017933e-001  9.6028402e-001  2.6160557e-001
  8.2665716e-002  1.6101655e-001  1.9809354e-002
 -3.4858548e-001 -1.1920451e+000  7.7268409e-001
  9.8080606e-001 -8.8909262e-001  1.3097683e+000
 -7.2416512e-001 -1.1300432e+000  3.1405580e-001
  7.7241018e-001 -9.8890037e-001  1.2026387e+000
 -5.2304270e-001 -1.0237649e+000  7.3093962e-001
  1.3990269e+000 -7.6079147e-001  7.5798785e-002
  8.8380144e-001 -1.0057489e+000  1.2932397e+000
  5.5412830e-001  6.3480861e-002  2.0930223e-001
  9.6925066e-001 -7.6504371e-001  1.1966774e+000
 -1.7470641e-001 -1.3301876e+000  6.4817075e-001
 -3.2331018e-001 -1.1802725e+000  7.8185941e-001
  5.1961686e-001  1.2145841e+000  3.6972742e-001
  9.9113136e-001 -1.1433024e+000  1.1822482e+000
  1.1405562e+000 -1.3043032e+000  5.6859741e-001
  1.9682961e-001 -2.1553517e-001  3.1346301e-001
  5.0813551e-001  9.6006277e-001  5.4576801e-001
  5.4446778e-002 -9.3617706e-001  8.0517502e-001
  5.1033580e-001  4.5816471e-001  4.4004664e-001
  4.0125951e-001 -7.6550628e-001  3.9988657e-001
 -5.9473077e-001 -1.0095607e+000  6.3797527e-001
  1.4226911e+000  5.4160525e-001  1.2186806e-001
  6.9869264e-001 -1.1057889e+000  7.5238114e-001
  1.0089903e+000 -9.1234553e-001  1.2847052e+000
  4.8519573e-001 -1.2624455e+000  2.9037126e-002
  8.0121370e-001  9.5752950e-001  5.9715545e-001
  1.0470074e+000  6.5867100e-001  5.7039064e-001
  4.1079386e-001 -3.7779308e-001  3.9830786e-001
  1.1202223e+000 -9.2915626e-001  1.2018766e+000
  8.1939079e-001  6.7459741e-001  5.9880089e-001
  8.8043113e-001  1.2050090e-001  1.5103179e-001
  1.0424176e+000 -1.7612504e-001  1.0920025e-001
  5.1880644e-001 -1.0191671e-002  2.5892518e-001
  6.4418146e-001 -2.6037788e-001  3.8054139e-001
  3.2736624e-001 -1.3459857e-001  3.2178836e-001
  1.0395365e+000 -1.2072712e+000  1.0695882e+000
  8.2296077e-001 -1.2648486e+000  6.6064976e-001
  4.6534169e-001 -1.0596639e-001  3.2827209e-001
 -3.7157832e-001 -7.9655858e-001  7.6175314e-001
  2.8590130e-001 -1.5468465e-001  3.2023193e-001
